"CD3" "CD5" "CD19"
171 387 118
153 540 181
285 510 247
137 468 90
414 84 493
184 524 115
385 97 425
236 454 233
110 516 87
430 219 426
452 73 484
385 245 336
253 521 227
260 235 418
237 497 229
249 123 392
245 492 210
259 543 235
292 150 427
99 462 124
106 380 118
196 528 188
144 453 132
68 438 98
230 497 196
385 288 491
425 79 463
438 74 423
302 276 355
153 455 103
350 425 150
355 268 282
266 194 144
145 455 113
221 519 190
327 182 461
318 652 317
149 455 184
116 456 151
267 411 263
531 123 480
277 493 228
171 526 155
126 445 93
243 552 202
196 483 140
364 135 524
253 518 243
230 134 447
156 439 201
270 467 237
308 226 211
355 78 406
216 507 118
121 543 130
229 457 188
482 498 599
439 302 468
179 494 99
335 501 261
245 460 218
269 148 420
385 96 400
361 169 339
212 513 205
245 437 241
215 552 186
137 500 3
503 237 432
481 94 462
206 527 165
191 411 148
256 96 436
214 443 96
54 453 80
181 467 176
408 392 526
467 194 395
280 142 490
300 491 262
138 440 128
234 460 207
313 90 436
324 68 426
143 465 122
175 447 116
430 115 329
502 78 440
263 480 220
125 502 81
403 281 509
201 400 197
155 518 169
318 152 419
401 360 476
222 376 179
184 464 128
151 322 153
349 613 346
415 81 470
307 503 277
209 509 190
320 117 401
167 509 196
255 510 206
216 489 179
528 91 452
195 558 197
316 165 323
161 370 157
223 434 214
356 185 440
161 406 56
189 452 168
240 532 217
1 190 111
169 464 153
262 178 440
296 551 293
147 402 120
174 509 157
190 455 86
147 557 60
322 479 342
305 168 431
390 282 318
228 370 170
212 456 173
473 145 508
215 472 179
138 456 135
219 459 190
132 468 16
238 509 228
69 387 126
310 140 380
105 480 117
144 235 164
191 476 226
445 80 421
262 442 233
429 205 471
208 486 249
299 488 278
400 343 344
399 36 415
334 88 475
215 496 174
175 561 48
341 154 478
167 407 181
393 217 553
167 530 179
417 175 513
493 94 435
394 604 349
346 127 449
257 516 212
286 5 449
379 283 506
228 467 168
326 152 375
165 513 193
236 475 243
243 470 227
284 558 244
235 416 176
138 414 117
250 528 218
328 211 367
610 258 477
227 496 193
204 452 186
600 273 507
472 173 463
317 98 374
371 40 396
187 467 133
517 359 424
232 505 174
283 537 307
480 203 478
269 466 225
448 49 450
178 448 110
383 195 447
345 383 267
245 543 231
319 141 295
190 409 151
233 413 215
349 292 280
409 52 462
252 495 135
317 140 322
264 487 233
191 450 184
154 489 136
303 571 304
169 446 21
189 467 195
121 395 113
258 134 462
288 42 456
185 413 165
322 590 294
439 154 466
514 123 441
132 467 145
399 178 400
291 555 223
241 361 76
109 408 133
280 581 265
186 458 174
192 498 165
306 513 286
184 483 204
459 134 462
341 124 467
258 588 249
232 471 185
437 104 425
88 383 67
210 542 164
285 452 228
290 66 277
319 222 438
226 386 236
222 397 192
554 220 445
142 464 14
335 67 378
154 405 87
222 470 195
240 401 182
88 475 170
252 535 223
221 454 168
224 384 136
75 463 154
194 450 152
360 161 445
437 38 459
339 57 374
103 353 74
428 76 486
402 47 421
412 128 587
253 532 252
271 519 273
136 399 149
313 561 285
239 523 226
439 105 386
57 457 107
292 329 400
347 122 350
18 541 157
227 453 216
76 436 88
288 404 256
201 472 204
220 518 258
270 516 268
159 434 164
145 344 37
288 132 405
167 411 19
124 447 120
437 139 523
82 477 125
440 190 397
274 41 362
106 391 56
155 523 103
241 473 164
167 382 107
310 4 414
306 194 376
231 530 150
47 210 469
207 560 247
548 256 426
347 54 445
235 464 240
217 490 208
238 501 192
384 120 388
370 208 478
285 487 282
305 502 228
238 509 212
216 463 195
136 533 98
470 178 499
470 109 432
21 423 58
289 72 481
128 69 128
322 557 291
123 454 141
350 218 349
260 452 252
352 132 454
276 530 233
159 479 176
171 518 194
331 333 456
477 150 436
143 451 154
356 187 252
492 477 535
187 371 175
153 514 82
101 424 32
392 121 408
275 530 272
430 112 448
281 159 451
143 505 163
489 148 413
179 461 161
284 557 274
421 100 454
561 368 453
453 98 454
102 408 70
289 465 250
78 493 87
290 423 234
131 498 151
178 540 185
475 105 463
298 111 353
283 510 232
276 438 211
381 207 332
282 480 261
152 495 138
490 254 461
112 393 170
255 445 233
297 174 475
232 484 197
555 213 439
360 92 359
436 149 472
115 521 126
339 179 450
309 637 312
369 138 291
499 222 560
177 504 169
255 114 389
225 31 359
173 463 109
304 131 342
158 427 207
132 345 164
159 457 109
122 390 40
165 478 144
126 433 51
300 146 444
339 163 447
179 485 99
170 507 143
33 427 60
207 456 198
147 438 177
332 444 301
361 217 498
345 131 362
293 147 476
255 125 365
254 445 206
391 83 544
460 143 458
135 474 99
354 116 310
385 108 431
240 437 205
52 372 8
130 401 143
58 431 137
358 113 525
395 90 470
199 470 166
239 445 196
238 514 248
294 463 238
167 465 147
97 465 48
348 186 385
176 411 165
96 488 93
228 497 222
430 199 420
160 387 47
352 202 440
315 43 390
214 494 179
239 559 169
197 492 207
136 470 145
110 491 132
195 519 132
251 571 189
447 212 462
481 322 374
158 442 155
189 460 207
91 437 144
538 156 411
162 397 111
501 53 539
96 155 52
324 116 428
230 452 159
224 492 200
145 483 111
416 111 329
350 105 417
228 474 166
169 418 97
304 580 283
208 457 214
215 488 223
322 118 367
322 581 246
256 124 500
512 389 478
226 460 191
274 140 378
146 451 81
422 151 500
255 515 271
154 403 137
382 160 385
255 504 196
218 451 203
287 197 339
94 389 120
296 500 238
271 559 281
301 590 270
303 138 441
449 40 608
425 126 454
273 430 248
180 509 166
270 460 222
24 452 68
442 431 493
326 88 386
142 487 131
129 502 83
283 134 378
120 473 129
139 566 127
500 432 547
222 448 179
231 478 138
95 477 119
211 493 140
305 88 258
227 464 213
274 501 235
208 433 186
153 413 107
195 481 156
268 538 253
401 105 480
119 403 123
130 452 151
250 103 352
174 547 170
79 406 160
346 333 252
155 486 127
306 566 286
371 198 359
200 463 225
409 127 407
246 507 251
211 539 234
225 479 176
274 147 422
298 455 302
436 170 531
303 421 286
328 611 318
224 458 208
113 469 105
268 491 254
208 469 170
382 408 295
470 200 414
173 430 146
152 467 80
384 253 484
199 480 154
272 519 220
218 479 137
258 516 204
288 97 439
125 509 98
132 484 123
330 29 461
206 428 232
250 150 352
220 515 233
173 395 156
200 461 168
346 158 325
165 583 224
192 525 234
215 513 86
445 78 367
227 426 223
191 487 162
271 202 159
311 261 411
357 89 348
144 496 144
273 501 250
234 434 194
520 83 484
211 561 240
193 558 145
436 153 435
241 518 223
403 160 408
236 487 220
395 227 430
470 141 433
214 427 174
237 464 200
476 141 435
139 475 108
397 170 416
177 417 169
289 472 268
181 411 124
249 524 253
303 134 495
238 531 230
336 108 379
184 484 162
217 457 203
476 87 470
178 400 192
388 154 467
233 563 205
409 147 477
135 523 128
247 472 234
526 51 496
285 556 226
330 488 265
503 134 456
289 404 217
217 426 220
237 86 458
365 436 505
185 433 152
205 462 167
469 258 420
323 50 367
228 517 213
196 393 195
210 506 222
167 466 145
229 442 175
249 472 221
246 420 226
270 179 221
112 453 59
184 523 126
166 484 187
207 540 187
131 476 115
271 534 237
365 125 452
98 357 67
273 218 356
204 502 151
149 521 221
138 482 140
61 525 56
523 399 485
396 167 422
216 467 175
192 524 211
314 490 298
305 23 228
240 307 190
258 550 228
117 431 122
374 108 495
257 465 236
294 31 373
120 379 99
207 383 204
438 164 509
198 364 191
286 96 368
383 621 381
299 547 283
263 601 277
89 399 74
448 55 434
416 90 507
387 106 422
211 448 149
614 301 515
425 183 476
292 302 262
207 465 176
342 83 381
226 512 236
241 564 156
269 515 250
251 497 279
244 450 259
182 437 186
137 425 146
265 555 270
383 76 371
346 340 460
421 164 456
474 64 534
395 123 409
257 468 210
133 520 77
306 563 272
111 523 130
459 138 586
523 120 480
196 479 179
641 301 557
426 114 387
463 145 422
266 491 250
279 510 249
365 243 316
247 436 213
371 319 439
455 427 413
296 216 446
339 142 387
432 308 414
183 482 188
489 196 530
211 449 190
330 564 314
283 541 254
524 164 442
190 506 133
419 2 505
189 538 217
451 98 432
211 507 178
176 328 73
152 439 82
190 456 169
492 95 486
479 134 493
472 297 488
522 275 442
214 436 218
222 501 202
239 94 332
190 464 32
319 67 481
286 500 232
90 513 180
429 170 453
194 418 205
217 443 219
117 438 158
197 481 201
530 189 515
235 513 221
430 150 409
289 170 402
171 478 139
416 223 591
460 134 478
135 452 101
173 455 136
477 18 458
350 130 441
248 46 400
179 480 146
202 480 203
285 523 251
459 115 525
465 24 511
176 504 198
175 391 116
283 576 267
303 112 425
317 468 116
359 120 338
412 313 507
118 465 204
108 436 127
125 465 131
132 483 74
55 478 69
261 575 191
162 488 65
259 464 93
260 484 172
375 421 314
412 97 501
206 436 157
260 181 483
442 110 508
168 489 182
253 519 227
399 260 317
514 180 470
166 458 124
467 333 582
265 577 250
167 429 126
156 506 4
327 185 238
174 411 171
407 308 460
223 489 239
329 201 466
209 317 103
101 365 64
185 432 183
211 493 193
91 471 50
312 485 311
287 206 459
245 49 438
282 186 466
325 123 375
112 424 129
131 437 187
435 330 377
246 57 459
164 513 111
181 428 205
459 165 411
181 272 226
231 430 157
144 405 165
338 357 277
480 161 469
220 428 187
228 438 221
111 471 123
306 503 117
156 599 141
389 391 474
156 445 91
288 33 401
200 473 194
277 499 248
263 52 437
213 524 193
377 128 455
126 458 39
140 455 201
255 557 233
225 477 220
492 93 467
175 478 160
123 416 70
315 315 440
297 478 252
310 111 439
496 103 426
241 474 207
121 433 192
72 92 387
227 449 164
259 210 421
132 467 158
144 508 38
422 369 576
333 555 353
477 117 456
171 445 146
113 417 184
446 98 437
269 458 118
61 382 147
316 555 286
348 341 307
413 113 451
251 421 213
354 572 335
155 376 76
345 136 450
170 514 194
168 528 147
153 522 182
317 509 308
94 460 137
260 514 265
196 456 186
474 99 390
528 120 477
173 446 140
179 457 110
439 83 403
311 178 443
260 543 229
367 100 347
302 162 453
157 428 169
298 150 361
231 415 226
209 501 185
269 544 264
224 469 251
254 444 189
259 486 252
142 455 115
181 104 156
119 497 21
436 117 424
347 212 259
118 400 95
179 194 452
387 155 419
287 568 258
236 447 175
497 60 476
149 397 183
224 459 234
432 166 447
163 360 47
327 429 120
459 337 499
182 358 113
375 174 448
541 154 503
142 509 150
282 153 398
148 481 194
406 136 394
333 125 316
328 76 434
256 516 251
300 168 435
210 512 181
219 411 224
414 163 346
79 468 48
259 439 205
402 63 508
208 400 170
304 132 446
166 472 121
320 162 475
456 111 476
272 108 407
220 473 202
303 190 397
124 303 93
34 458 47
207 465 141
244 449 235
308 163 402
231 471 220
229 521 198
82 480 110
277 126 399
168 463 118
138 465 114
165 566 43
286 589 264
178 492 109
243 510 251
138 394 123
407 85 546
346 272 425
329 105 387
139 450 133
269 564 249
293 563 279
315 127 462
276 414 130
119 487 78
141 426 139
269 139 384
378 147 420
204 539 199
242 431 197
430 483 327
246 349 211
196 477 147
184 443 195
263 437 194
157 465 205
268 230 260
98 458 77
36 477 7
106 331 58
289 275 391
267 555 253
256 432 215
180 414 86
268 437 188
255 92 474
557 325 517
383 68 424
446 408 369
263 505 175
272 527 231
315 181 351
442 132 486
440 34 519
286 501 262
153 574 183
260 229 199
366 172 457
62 514 176
110 440 65
160 402 102
326 509 293
404 118 550
382 377 371
282 543 42
178 459 141
283 403 62
466 426 428
357 125 430
304 98 362
199 459 220
546 391 452
413 133 521
282 103 379
478 68 411
168 467 119
160 414 179
91 429 89
389 176 423
377 73 496
309 473 252
345 137 403
85 405 38
205 441 185
462 146 408
97 487 133
266 98 343
140 406 77
357 424 273
172 461 70
221 555 233
476 188 484
311 602 282
399 200 475
391 185 417
465 324 480
63 457 83
192 495 171
124 605 132
119 403 136
189 548 131
140 522 181
227 478 229
134 539 128
182 432 163
248 441 192
173 510 123
288 141 396
229 411 110
235 543 219
121 513 183
313 537 280
208 477 113
130 459 165
268 441 216
85 463 109
178 423 145
449 366 553
461 198 440
322 14 446
177 401 173
262 484 243
406 107 570
140 484 128
183 492 142
430 276 474
186 378 141
437 122 472
211 468 247
234 448 219
348 106 354
241 513 197
131 423 128
158 381 144
175 518 129
138 416 61
115 494 12
331 443 291
269 566 245
75 353 58
485 54 497
273 505 236
315 64 424
414 156 391
203 455 178
186 534 261
110 420 15
423 222 419
385 320 548
207 431 167
197 510 173
149 480 164
412 221 448
302 175 359
239 529 235
438 126 461
185 450 178
194 437 182
341 180 439
450 26 448
174 481 100
341 604 309
443 147 441
287 505 208
330 434 258
391 373 367
275 59 354
453 42 466
144 472 112
467 183 354
207 482 123
278 509 247
290 481 254
505 135 446
472 55 399
140 466 91
214 431 71
337 127 441
418 458 455
154 446 123
220 442 204
455 323 351
278 530 200
336 187 460
280 218 435
334 132 424
305 149 454
206 364 115
181 395 118
355 58 436
229 505 195
164 488 78
100 410 35
265 461 234
384 265 296
212 439 138
481 408 423
166 506 112
225 500 211
194 504 59
98 556 133
554 240 543
456 132 497
191 141 46
125 116 85
546 391 454
166 521 189
294 156 401
90 410 65
145 376 135
454 214 406
217 505 133
244 485 199
434 252 514
127 347 167
121 167 117
229 410 217
348 569 348
193 484 193
280 445 254
276 518 284
309 123 397
449 115 391
252 482 225
129 431 141
265 584 209
254 143 469
250 516 263
197 390 207
121 354 49
101 517 135
268 37 317
201 511 156
116 468 155
307 452 283
208 524 221
513 154 485
353 210 409
161 518 169
210 375 161
78 399 28
134 491 121
308 151 336
335 136 349
189 416 156
459 66 440
317 117 285
240 583 238
166 387 69
301 79 450
432 172 343
189 360 126
364 88 368
304 159 382
388 549 344
148 490 161
193 431 198
331 43 420
162 451 49
269 549 254
209 482 169
198 538 190
164 489 161
270 488 246
197 555 139
309 472 285
291 509 239
324 46 415
196 540 194
176 476 194
434 282 470
291 126 345
414 97 429
293 508 233
234 480 180
222 544 192
332 137 399
78 443 153
304 16 478
312 104 459
180 428 35
433 108 399
366 406 266
271 508 242
524 238 472
357 166 418
327 144 439
159 383 119
291 177 512
325 453 293
342 560 265
419 248 491
434 352 318
181 493 131
426 2 464
93 452 74
149 417 137
213 518 213
488 95 449
474 212 392
163 498 47
381 178 435
308 141 406
225 447 171
195 459 173
400 167 498
242 489 209
54 465 75
147 480 184
221 475 180
311 496 252
186 391 108
53 437 25
281 246 103
432 190 569
418 129 427
272 219 434
267 109 398
212 523 197
305 149 447
222 433 222
137 449 108
440 183 441
183 487 151
174 421 228
268 586 272
299 95 369
223 407 217
180 503 123
274 128 434
268 541 238
78 403 164
291 158 442
118 413 83
311 117 387
238 472 218
284 184 348
426 132 476
159 497 154
168 579 160
234 427 202
437 381 378
94 438 76
285 566 268
181 455 156
450 48 423
435 166 384
207 480 225
394 92 444
363 306 362
274 499 252
323 125 403
234 444 186
245 448 239
195 315 190
104 464 163
64 558 132
480 116 528
344 114 433
291 130 414
321 107 423
129 425 57
253 478 248
165 450 80
198 439 171
121 376 82
432 90 454
318 84 339
252 130 417
447 175 405
213 462 204
340 151 447
216 494 154
285 524 276
228 474 147
164 332 151
375 4 442
339 165 368
503 291 428
395 269 454
242 508 253
235 520 250
357 564 297
459 248 498
160 465 137
68 459 178
295 539 248
210 478 192
477 152 381
361 121 342
365 651 312
140 527 58
115 362 128
290 100 394
243 479 224
208 470 237
436 94 553
331 129 411
436 94 455
289 478 225
323 479 263
231 515 243
152 611 93
106 318 106
318 98 377
100 469 96
384 212 505
166 453 95
259 570 260
177 341 90
231 481 261
392 126 516
249 448 229
114 402 140
164 482 144
201 399 187
181 517 125
489 178 467
162 474 108
337 281 265
164 437 138
490 196 478
374 26 408
283 493 259
75 490 123
427 316 457
270 499 259
281 425 245
579 452 463
253 498 171
243 538 277
217 489 200
187 450 65
184 414 207
418 93 437
295 143 394
184 512 164
158 416 183
143 503 180
248 504 234
443 445 422
323 74 446
236 562 218
468 163 498
140 457 132
223 492 227
170 413 172
158 387 185
279 465 227
179 496 166
497 303 474
411 181 314
170 393 147
456 120 485
264 477 255
311 79 430
274 180 431
193 489 197
459 195 557
238 522 194
582 217 479
95 479 82
258 553 235
240 465 186
147 448 87
423 84 449
100 385 46
169 501 154
115 472 109
142 513 120
254 485 201
235 72 422
270 431 223
395 242 521
307 102 407
415 143 429
241 473 202
146 480 168
515 92 429
243 590 244
310 397 283
613 306 471
135 430 107
256 470 42
316 268 452
217 424 155
133 464 83
264 450 208
476 158 482
91 400 125
171 514 159
349 76 431
396 129 344
401 121 482
246 197 445
396 141 417
51 437 71
199 559 202
188 503 179
98 467 119
223 461 122
329 117 420
199 501 135
254 473 164
100 442 138
501 476 510
196 533 132
381 292 324
157 393 109
191 175 33
126 458 166
149 416 188
328 137 459
476 125 465
310 104 421
345 92 392
462 118 429
81 493 52
161 439 110
101 520 105
231 319 207
168 532 123
271 52 419
131 537 129
323 162 435
253 568 177
209 449 188
352 232 219
162 379 123
352 231 392
192 414 157
519 159 459
303 117 420
211 396 184
419 378 594
28 426 113
241 502 256
173 485 90
420 231 437
489 206 346
153 445 55
482 79 490
448 215 418
456 108 429
145 335 124
274 195 435
206 461 205
249 487 214
345 48 370
353 594 331
513 373 520
171 415 169
472 203 405
379 95 382
372 145 429
429 91 463
162 465 156
313 37 504
146 420 96
48 436 54
296 579 273
186 513 201
304 499 243
197 495 139
284 208 426
393 147 503
265 587 232
295 463 238
230 492 234
242 452 210
224 556 186
375 202 448
444 422 459
216 488 179
105 459 114
421 373 361
143 344 129
556 161 472
460 112 436
282 466 238
357 140 422
259 487 185
185 503 146
285 529 253
263 538 278
317 161 361
290 632 276
302 120 369
464 95 411
173 452 183
326 129 423
196 139 424
127 495 132
308 288 257
474 46 510
179 468 164
151 461 116
283 120 497
402 64 426
430 275 473
452 140 409
87 479 123
142 528 143
131 388 46
186 467 131
303 136 406
222 500 191
432 170 385
339 602 329
292 121 469
173 496 25
212 409 209
379 413 321
178 477 198
202 447 173
476 202 438
313 241 405
274 574 204
209 512 188
301 118 477
241 479 258
228 578 242
290 460 280
212 557 218
202 471 206
156 278 162
116 492 152
226 534 261
189 420 118
233 545 260
215 412 207
178 539 127
125 466 103
229 476 186
238 467 255
203 495 228
231 537 221
324 178 434
446 403 381
321 130 368
293 225 376
236 502 224
236 499 214
270 540 252
249 463 189
227 474 220
100 477 135
294 405 447
291 483 219
288 109 389
45 470 68
85 472 154
139 456 63
150 442 184
168 490 118
268 179 435
482 316 602
265 486 185
495 46 469
451 387 413
435 372 372
304 172 471
447 45 523
234 82 269
335 156 337
201 432 158
238 379 96
263 464 202
286 158 464
455 88 479
277 109 321
159 525 179
334 173 484
275 141 493
271 478 236
470 147 495
100 386 87
269 575 250
149 519 198
189 502 148
348 179 497
194 513 133
237 100 432
224 518 215
220 430 149
227 489 236
213 550 203
321 219 219
296 494 292
413 9 292
331 521 305
349 132 419
228 434 225
389 142 451
450 80 455
475 208 569
438 204 301
537 132 528
182 525 169
527 194 393
145 517 167
169 501 220
509 183 463
430 163 439
320 167 391
296 522 269
181 568 154
243 542 166
129 385 143
279 613 277
344 572 319
379 504 305
318 494 301
119 403 106
76 498 112
271 204 470
479 177 449
204 471 221
183 459 157
361 75 413
276 517 214
178 513 146
225 454 219
428 117 415
179 461 71
221 472 127
110 363 109
148 461 167
186 462 167
362 175 465
463 117 457
304 593 273
379 64 298
133 529 108
198 139 138
237 476 226
206 500 183
362 285 292
313 205 520
318 456 226
213 513 187
210 489 184
199 436 96
428 134 396
483 445 452
109 432 131
171 436 78
293 152 441
347 136 353
165 469 142
241 558 251
82 416 31
347 143 422
97 444 148
230 499 221
109 534 161
171 516 178
234 380 201
236 450 242
339 526 347
180 404 187
154 429 79
210 410 174
23 431 52
220 589 203
352 175 455
128 386 113
271 117 349
422 82 491
497 119 408
242 502 241
300 150 499
264 540 196
418 102 459
168 503 70
363 317 404
410 91 485
328 126 445
507 138 407
126 359 75
438 196 461
208 425 186
135 394 144
141 352 130
169 457 161
437 83 480
376 342 389
207 530 227
206 417 188
275 85 412
281 577 257
313 123 371
443 149 451
163 450 151
265 572 275
116 406 52
165 435 164
115 367 93
155 421 271
274 440 224
159 413 145
121 435 137
402 156 391
300 105 444
236 489 199
312 104 461
141 426 84
140 378 133
289 439 259
258 60 369
121 420 54
173 457 302
123 482 158
368 45 466
300 506 129
297 111 429
442 269 480
83 441 115
294 75 364
308 149 413
332 91 451
214 421 161
448 154 510
268 502 257
451 68 426
70 423 72
134 490 156
150 431 177
403 144 385
402 329 290
300 526 316
163 312 137
62 469 114
192 460 165
328 156 474
161 424 147
485 170 473
232 512 199
253 523 169
184 427 188
206 440 231
155 480 82
341 30 385
241 285 192
409 55 398
316 111 360
277 102 441
79 484 59
456 262 488
177 532 173
319 466 267
372 187 453
185 501 169
176 375 216
380 134 410
252 469 258
540 296 451
59 536 98
348 257 288
126 312 132
251 509 221
229 481 192
301 89 461
502 194 566
105 465 86
247 51 432
170 522 137
436 272 416
120 487 131
254 128 384
533 135 504
275 138 481
145 410 167
377 112 336
486 115 428
175 418 177
409 274 447
174 496 128
187 521 191
214 434 66
324 473 307
122 461 198
205 136 443
227 465 136
315 112 387
207 576 145
194 450 168
220 546 207
129 393 28
200 486 186
137 451 91
307 593 268
304 536 285
139 420 76
94 318 140
156 435 123
250 533 246
135 432 119
128 452 149
187 389 144
279 37 377
435 66 508
295 104 385
308 479 285
442 124 420
233 517 193
262 139 230
411 210 380
153 551 215
196 439 184
276 171 467
333 64 396
214 462 209
330 599 323
303 521 265
495 162 471
338 148 516
302 104 373
227 536 220
375 299 265
223 522 223
341 153 483
211 388 209
259 56 323
216 494 161
389 363 303
90 436 172
374 107 432
267 472 234
349 219 273
200 523 154
577 246 488
315 114 373
187 394 177
219 518 198
448 180 506
341 306 249
219 484 70
407 217 504
192 482 186
174 467 112
97 452 158
509 361 490
243 389 194
402 198 389
351 193 249
202 517 189
86 462 127
136 474 119
296 604 297
246 446 204
311 570 281
324 134 361
468 179 475
262 484 258
348 137 434
341 122 440
254 514 209
293 586 249
366 39 422
439 115 432
251 497 215
280 546 281
185 473 232
443 128 405
308 471 276
245 471 206
305 587 271
201 462 158
265 439 189
311 195 390
292 161 419
467 331 496
69 462 120
217 532 159
146 447 193
367 163 477
146 428 135
30 440 148
131 445 126
156 428 181
168 446 153
123 409 32
186 477 165
152 441 176
374 225 445
225 434 180
123 454 136
238 440 229
316 117 424
177 423 95
290 486 230
251 400 219
233 389 223
145 497 189
150 439 73
258 467 177
312 453 79
166 422 176
438 199 445
155 512 101
343 267 269
230 487 163
225 445 226
319 530 302
210 457 161
348 155 489
291 192 483
146 421 152
25 467 85
218 507 195
442 134 466
18 458 102
171 486 217
354 143 363
169 470 179
333 371 283
234 562 264
506 127 473
308 67 411
488 136 469
159 478 171
144 399 131
473 170 457
263 63 428
298 521 261
84 440 80
253 584 277
155 526 202
445 128 489
232 456 237
7 417 48
430 100 502
240 505 115
202 491 208
224 439 196
180 424 65
260 255 183
144 489 183
414 291 450
331 601 295
24 407 99
283 507 256
400 172 488
246 495 226
342 573 308
337 146 444
501 143 457
267 514 236
237 558 201
442 180 578
380 237 540
249 5 337
136 286 80
334 324 486
330 97 382
295 88 448
118 480 150
441 159 332
130 443 102
171 362 132
404 74 426
304 599 295
223 482 181
235 373 201
237 486 232
305 10 397
199 442 152
194 514 149
118 504 108
412 404 385
81 462 174
270 509 297
228 452 232
259 505 223
230 399 133
292 142 408
133 435 105
236 572 287
109 376 179
119 407 123
103 445 126
428 145 478
157 450 160
391 226 442
263 578 224
363 138 483
137 354 117
151 502 162
245 516 236
289 476 266
184 481 159
488 152 435
515 6 538
236 514 174
325 139 414
102 461 59
275 312 252
199 443 133
137 478 95
173 477 198
222 484 177
262 411 145
405 57 440
243 232 248
393 157 430
213 561 221
303 113 380
359 161 412
200 459 134
275 471 270
212 421 205
376 201 324
243 454 244
315 148 452
476 76 307
265 526 235
201 400 167
359 620 319
483 153 464
440 160 515
152 424 121
116 427 85
188 470 106
70 406 103
163 364 156
137 431 144
179 480 190
194 512 147
304 546 253
84 450 145
224 490 164
509 202 453
91 470 143
71 453 132
255 546 313
504 219 555
249 444 215
265 523 223
96 464 94
582 224 493
212 424 189
323 101 445
447 191 462
177 456 204
158 449 134
175 408 186
172 461 147
262 437 118
419 29 461
125 321 160
172 440 104
110 399 101
79 484 161
167 502 169
325 435 233
265 480 242
145 397 83
373 249 393
224 506 195
430 161 427
116 428 53
216 475 243
342 142 396
215 525 179
180 425 56
280 492 213
247 454 262
114 441 26
437 129 424
163 469 127
156 466 114
219 427 200
169 391 172
149 487 185
387 284 439
318 619 285
193 488 178
370 127 369
285 258 237
466 128 436
143 368 171
511 143 490
246 457 213
385 93 451
495 98 514
227 513 252
103 476 178
253 428 216
176 472 75
300 546 278
220 519 164
287 562 283
231 570 252
202 457 117
489 206 515
290 198 460
217 479 181
252 531 241
275 512 217
145 504 162
330 581 302
170 458 117
95 376 154
435 190 469
425 34 470
297 625 282
325 146 226
298 256 394
256 486 226
193 490 152
172 127 141
221 577 226
221 449 205
239 408 250
156 471 144
337 75 462
182 443 185
493 370 452
197 479 156
290 68 400
334 193 446
231 418 232
274 468 251
339 210 233
113 389 57
316 85 439
221 486 224
384 245 423
333 118 494
502 155 293
264 456 239
282 548 240
273 568 227
180 499 139
26 395 52
241 551 228
327 144 479
341 220 464
312 232 450
270 472 241
467 246 575
242 511 217
145 555 167
445 75 423
249 539 231
232 457 220
275 113 367
141 447 144
186 409 3
209 481 176
164 388 152
271 129 336
228 477 208
360 133 425
247 447 259
268 471 237
419 76 354
459 106 481
306 79 340
350 171 400
396 142 441
251 116 455
319 92 473
166 458 51
261 475 307
234 461 222
394 306 317
120 466 98
283 162 475
232 513 208
230 472 231
173 226 249
141 442 171
114 365 100
251 430 222
224 448 262
133 472 137
245 487 210
339 199 538
338 145 264
251 413 189
361 438 260
220 455 202
460 97 451
180 478 187
112 444 130
497 119 439
421 116 277
204 443 216
463 93 452
374 234 309
234 544 222
320 496 278
232 465 225
224 552 132
469 8 422
263 61 442
219 192 172
410 203 450
286 518 258
226 542 235
479 261 502
301 179 379
71 379 98
141 494 191
261 462 202
409 215 396
226 475 202
239 517 258
250 415 183
384 127 437
449 125 439
123 354 72
365 70 433
475 337 486
184 533 167
146 406 36
489 28 462
287 133 386
240 399 222
443 151 400
392 95 494
96 335 50
285 471 254
562 219 597
295 45 482
491 125 445
134 458 126
381 110 402
224 467 198
473 138 430
263 547 225
342 85 497
263 563 230
471 151 485
218 428 128
340 135 425
129 428 181
93 429 115
269 595 232
426 164 415
286 567 247
295 148 514
286 481 220
251 405 241
163 506 160
189 473 193
379 602 365
329 160 433
486 333 461
150 445 122
124 449 143
381 184 350
17 422 123
434 129 428
365 415 505
191 433 152
443 183 474
401 178 310
199 396 189
157 433 146
232 411 188
460 198 367
268 411 198
345 226 423
269 475 240
243 440 202
463 286 610
401 163 326
278 84 472
162 451 51
333 139 376
210 416 102
225 478 201
421 229 441
313 172 434
188 429 163
233 492 231
395 221 386
307 220 519
207 470 139
27 409 88
440 198 501
339 266 254
320 527 313
214 528 134
86 478 40
217 439 207
500 38 466
294 562 262
299 565 284
601 137 472
237 497 210
182 501 181
265 69 388
245 455 253
468 129 430
336 522 288
137 399 127
341 152 277
400 428 329
249 434 219
102 549 153
119 409 126
258 150 359
239 469 262
165 410 150
229 438 185
115 519 153
269 465 136
236 489 225
456 178 396
332 138 473
221 393 172
306 503 111
426 134 412
270 557 261
346 284 480
145 506 111
175 491 136
137 511 137
434 119 423
422 222 589
376 189 375
291 119 381
170 461 159
207 520 191
146 422 126
39 538 28
356 243 247
466 89 455
385 143 341
80 430 156
399 168 425
240 538 216
232 452 201
183 366 109
323 137 442
469 179 496
212 477 212
292 418 155
381 343 335
434 68 448
315 261 245
257 457 273
448 231 444
196 449 149
202 496 187
180 438 155
157 426 115
194 380 154
527 198 527
102 344 52
107 383 103
433 217 570
447 107 469
533 150 421
271 546 222
572 69 434
310 430 272
245 524 215
471 513 499
438 102 499
136 383 205
469 120 417
158 376 15
170 434 135
430 296 433
376 152 382
460 160 509
107 467 135
476 239 466
331 501 271
514 29 436
291 23 427
416 132 426
324 130 410
253 539 258
409 111 405
129 435 157
491 53 478
160 475 166
107 385 128
319 583 312
262 443 245
214 480 214
302 196 484
286 533 267
440 159 475
32 398 78
189 368 154
193 398 144
436 272 334
396 75 425
308 168 381
476 136 410
121 426 173
341 113 362
136 332 107
208 533 164
201 603 170
206 386 178
410 183 467
482 131 393
147 477 200
354 227 287
316 583 283
180 442 119
4 468 37
342 185 273
468 305 400
404 198 387
226 527 210
250 488 240
270 110 370
307 139 458
179 480 139
434 72 412
252 315 205
171 538 159
388 542 337
109 482 131
513 137 432
309 557 271
283 179 220
112 517 183
304 200 415
402 199 571
77 442 113
275 167 276
342 540 294
245 490 239
360 660 337
489 279 513
183 468 131
127 427 61
422 158 420
555 215 433
173 456 159
244 453 204
134 472 118
126 390 102
254 566 219
532 174 434
117 406 167
137 321 142
408 120 426
190 429 110
221 479 193
363 161 377
435 297 443
214 423 262
270 626 198
242 530 196
172 450 30
132 440 21
403 51 422
290 317 258
455 144 463
127 455 149
159 457 113
237 479 247
332 551 317
331 429 145
421 232 414
223 522 200
434 184 486
139 485 134
275 429 245
270 532 235
594 248 443
207 522 224
605 137 512
79 492 63
277 110 381
272 458 240
226 435 137
204 433 201
251 509 247
308 261 466
318 183 407
151 497 230
580 258 384
326 158 475
271 231 269
420 367 551
297 529 295
293 540 284
205 479 159
260 166 484
212 474 175
191 399 76
182 444 195
291 530 281
136 440 133
389 117 458
450 128 443
374 253 467
160 391 149
222 443 183
195 391 171
472 126 410
219 443 166
83 406 75
174 547 142
430 140 443
374 110 297
137 466 137
279 457 232
146 425 153
447 184 465
213 434 197
131 506 101
81 467 85
541 206 424
507 178 501
395 70 480
119 451 92
103 494 59
153 546 165
467 210 456
456 105 475
215 580 217
448 156 365
131 373 119
375 290 321
154 515 140
130 537 161
96 490 123
483 224 330
119 534 46
166 489 164
319 93 460
238 142 334
73 56 98
252 462 207
336 83 567
279 117 436
101 379 197
283 580 262
128 515 137
202 42 328
505 176 474
183 403 175
145 375 132
327 30 419
237 504 222
401 148 467
300 145 451
275 367 198
288 129 337
311 54 443
260 460 238
141 461 149
298 148 434
156 447 128
267 551 238
498 134 449
145 480 143
277 243 222
328 72 429
210 374 107
283 175 488
428 209 519
344 132 393
94 477 200
188 485 178
307 180 418
306 165 459
301 143 397
201 349 201
390 177 486
182 469 145
332 88 420
172 519 152
146 106 143
416 220 479
410 157 491
252 515 244
474 142 415
528 100 411
156 466 162
208 483 197
281 98 336
201 361 191
280 542 233
221 497 199
169 400 161
279 162 468
266 466 225
253 446 183
329 101 496
179 548 158
179 528 165
75 453 86
160 490 91
175 418 141
141 526 123
505 175 496
520 170 458
6 422 101
16 367 173
456 327 404
480 221 475
408 147 457
284 141 394
168 505 131
243 467 238
254 526 244
94 488 53
193 546 193
202 505 162
300 476 326
214 418 193
34 331 45
276 499 281
145 577 150
258 526 234
339 77 468
170 464 195
241 421 148
251 522 241
261 409 329
133 513 125
401 103 511
508 349 501
248 479 233
299 250 383
236 528 216
327 243 245
41 507 105
121 418 113
102 427 154
220 566 240
441 333 362
200 400 174
391 180 409
207 449 207
174 400 187
297 100 402
76 435 41
143 438 130
172 539 195
333 204 483
430 97 460
209 486 203
485 189 544
99 521 127
538 145 440
410 253 449
197 491 190
190 484 60
311 606 263
414 209 364
317 57 474
469 230 418
436 216 465
295 123 459
499 178 413
418 132 499
277 530 234
340 159 450
247 409 246
184 470 164
279 149 459
272 38 376
254 506 242
158 554 126
340 224 451
458 136 445
329 22 431
303 176 247
225 452 182
332 100 368
444 139 227
209 482 174
513 402 506
327 649 319
127 501 124
314 166 399
457 159 435
210 354 165
329 259 274
142 455 63
184 504 197
70 477 10
313 548 280
151 525 203
359 218 451
57 317 91
460 201 406
205 385 143
495 123 458
160 231 71
361 243 272
113 442 120
79 506 16
133 427 48
388 55 438
163 497 211
145 415 45
167 432 179
425 120 457
270 180 437
518 104 482
194 440 187
413 79 474
255 486 185
220 442 211
228 431 216
220 504 160
223 442 153
446 109 477
271 592 222
105 436 117
316 168 466
197 537 87
336 63 429
277 512 259
161 543 145
112 378 146
226 488 208
447 112 398
310 578 297
114 372 96
93 440 93
118 443 117
181 434 179
426 202 423
429 298 318
168 513 145
491 69 484
120 425 82
157 441 188
182 414 129
427 46 452
50 417 132
344 62 487
269 169 229
385 124 462
438 136 456
448 265 490
49 480 93
224 601 197
167 467 160
217 491 239
330 391 286
191 503 114
328 151 429
337 23 432
85 372 97
249 493 218
119 524 171
184 478 163
439 144 475
194 478 208
149 479 92
290 555 245
187 409 162
217 487 206
266 66 294
370 222 479
149 380 133
226 446 248
244 584 246
447 93 428
231 361 174
105 320 37
199 468 140
207 325 159
220 104 466
372 93 501
244 489 217
215 109 368
198 424 159
192 493 138
305 169 297
285 471 246
451 160 339
161 535 69
174 541 185
240 497 229
430 292 432
60 438 136
277 558 257
416 327 451
171 470 176
272 462 245
147 414 111
258 527 248
161 396 168
172 466 209
191 516 196
180 506 201
160 492 109
134 463 149
216 610 149
183 576 268
183 468 204
152 427 133
279 498 259
180 419 78
218 474 239
231 401 170
324 153 197
232 401 216
247 392 238
378 124 422
159 501 175
268 480 250
602 198 555
309 187 350
264 390 276
214 421 162
373 188 274
312 260 250
320 40 471
238 70 353
192 458 136
326 217 350
311 509 274
205 474 175
476 277 447
267 488 157
337 140 392
376 237 366
124 447 90
238 432 173
335 143 444
242 376 212
374 289 359
87 461 111
293 128 453
385 101 261
105 379 84
173 423 168
279 608 217
223 446 225
325 144 360
142 538 110
367 387 292
350 183 450
207 420 204
437 186 435
230 463 208
304 595 257
266 256 229
422 103 483
321 107 331
434 509 600
253 411 215
88 458 110
187 530 161
396 164 413
103 430 63
260 136 354
156 489 140
270 513 209
397 66 482
294 468 282
195 421 198
440 185 465
62 389 107
175 455 13
201 492 172
155 435 43
195 455 185
279 117 369
341 54 385
454 186 475
383 81 384
461 404 436
163 420 83
293 556 276
176 478 154
237 499 196
542 60 520
218 496 168
288 544 256
250 570 265
131 505 128
286 507 268
399 124 430
343 96 349
115 389 138
202 468 182
535 417 496
429 240 479
75 387 77
209 493 182
173 434 131
260 529 205
203 487 153
203 451 152
179 537 161
125 398 85
363 220 453
192 98 176
300 418 232
426 98 373
211 465 186
328 71 435
444 258 458
309 266 473
325 562 305
257 499 251
241 575 175
459 71 480
350 222 431
245 502 236
267 73 309
186 409 149
143 526 61
438 145 432
413 464 506
530 334 511
210 513 262
322 178 189
175 385 126
335 507 278
297 139 398
163 556 197
212 430 215
226 411 130
381 220 448
405 150 459
207 487 158
326 178 450
233 526 220
161 470 176
197 519 184
467 154 432
496 147 540
162 402 161
493 465 422
252 93 391
225 201 183
313 547 291
416 125 309
179 486 190
350 78 446
147 369 112
354 565 311
251 463 203
195 440 186
203 526 177
296 487 254
509 57 459
430 272 459
279 159 378
100 499 176
321 47 375
179 468 143
109 414 173
300 518 272
547 122 371
79 66 12
152 545 144
258 467 242
160 379 114
205 324 143
261 531 240
478 47 467
457 155 486
213 412 134
427 207 441
354 366 446
218 530 267
327 156 413
227 469 204
339 628 355
301 103 433
418 190 356
176 428 188
126 439 65
247 445 216
310 463 259
232 452 158
248 543 233
568 139 341
372 332 458
109 408 142
436 200 391
481 90 453
153 402 200
255 522 198
349 183 480
134 449 123
438 142 468
457 270 506
8 403 68
304 55 395
275 176 338
307 581 272
148 329 187
285 119 320
293 541 222
125 439 80
197 418 176
401 219 449
449 59 403
295 542 255
244 482 191
372 264 286
265 498 247
329 119 428
205 377 207
188 485 164
317 109 422
201 520 204
265 504 170
448 425 423
482 96 471
439 123 397
288 560 236
207 493 199
245 481 233
410 159 417
312 444 285
296 72 425
186 351 132
109 410 84
235 456 255
172 364 191
138 450 170
450 103 468
311 586 315
250 463 239
157 414 181
157 522 173
188 494 166
200 438 227
191 535 173
117 395 137
316 179 426
198 514 149
276 467 156
235 460 192
79 445 61
252 491 264
346 230 339
336 106 350
92 437 124
407 162 393
303 50 468
200 482 172
199 463 119
222 495 218
529 181 400
435 349 375
291 581 286
434 115 400
253 577 211
472 216 447
217 521 84
147 434 144
269 518 260
324 117 374
240 506 208
175 453 155
270 467 219
200 435 222
56 431 53
353 220 272
352 73 463
394 227 412
106 409 131
318 170 430
433 121 431
383 116 433
283 132 420
105 396 166
237 525 174
221 540 227
222 526 202
310 67 440
399 314 413
150 479 178
187 438 199
356 185 262
314 565 278
228 436 220
70 520 119
204 430 205
206 464 202
514 199 392
151 428 74
259 481 234
271 518 254
228 469 209
112 390 79
220 566 73
337 137 503
71 492 61
413 272 466
254 567 182
203 592 212
105 501 100
255 489 258
83 437 138
106 441 125
169 474 112
96 475 151
106 335 55
242 516 171
134 455 183
153 500 151
305 448 250
323 119 454
408 282 324
359 399 279
321 254 428
490 32 482
362 144 444
275 125 381
253 113 435
169 437 151
192 431 182
328 262 273
126 418 144
259 455 304
262 530 218
326 141 487
286 137 464
425 6 477
229 503 214
43 395 108
212 570 202
313 184 424
297 219 191
200 416 167
324 76 374
417 86 431
401 214 329
104 506 123
124 448 111
303 456 263
562 184 518
222 377 111
257 230 89
217 188 178
155 458 104
204 438 194
169 486 125
498 63 501
346 162 462
142 514 106
123 441 126
20 418 138
402 158 444
212 497 236
244 484 242
410 98 366
251 520 232
204 509 57
255 477 264
187 449 173
246 465 236
342 246 469
262 547 239
430 192 380
109 184 156
205 521 152
166 566 233
422 240 418
76 374 79
132 440 133
297 146 442
319 49 426
324 529 288
441 297 428
281 504 231
77 473 22
215 525 151
164 431 69
341 192 247
113 427 178
123 464 116
173 467 127
172 453 153
513 223 446
283 425 190
180 471 173
188 462 165
239 188 185
227 373 203
439 236 406
484 169 423
161 445 215
116 488 111
316 197 240
206 525 302
240 512 238
190 506 183
429 142 433
51 439 80
326 154 327
160 541 122
199 510 187
175 426 135
272 592 246
120 316 66
185 325 181
153 553 203
102 458 149
291 638 230
263 567 288
238 421 210
505 191 523
164 464 137
482 217 421
231 77 386
429 106 410
144 499 185
241 488 215
126 444 93
460 92 458
344 632 338
152 438 111
208 328 163
170 449 129
274 97 421
455 75 461
540 122 422
245 565 261
164 465 211
158 465 220
177 450 130
481 146 526
261 502 237
135 465 147
179 434 160
245 422 189
502 106 420
326 54 374
261 465 214
107 421 96
460 311 439
207 510 193
97 465 128
287 569 244
290 121 473
172 407 133
100 449 138
222 556 219
95 462 43
91 466 62
329 259 424
201 429 225
252 442 235
212 499 152
226 625 279
276 513 252
512 427 526
449 100 451
194 532 182
139 446 157
280 127 357
411 207 437
219 241 272
261 486 234
114 463 95
161 532 156
193 598 57
287 174 373
443 306 350
225 460 208
223 108 140
247 527 133
342 128 466
240 423 182
498 191 369
248 96 416
287 160 349
494 221 440
158 563 162
166 513 138
248 509 245
459 407 460
261 568 225
277 575 227
520 178 352
239 428 229
248 390 209
125 565 172
179 446 101
352 180 401
335 123 466
132 475 155
455 98 430
293 97 405
256 69 444
266 75 474
125 504 157
521 147 390
190 437 194
66 72 145
149 523 101
146 467 98
261 468 202
235 497 207
456 356 406
190 415 188
461 153 463
434 185 447
277 160 448
362 158 482
203 507 91
271 573 216
352 419 278
276 147 439
158 500 62
366 53 332
209 140 460
140 409 89
41 425 75
301 569 263
203 452 158
154 462 70
210 445 151
296 73 466
569 102 516
50 440 44
501 269 355
58 513 44
144 552 57
340 229 394
314 167 389
455 395 390
128 392 165
437 100 408
76 419 3
264 558 277
223 472 189
223 562 151
172 424 12
349 205 473
185 429 140
155 568 135
526 640 472
126 467 122
187 514 139
520 207 538
230 413 203
299 109 427
243 521 223
212 357 74
299 513 274
433 106 483
174 585 274
161 426 124
495 116 431
120 486 93
161 430 134
148 500 78
251 183 364
261 525 181
346 197 464
413 95 461
419 129 503
229 476 176
215 474 168
279 168 438
203 516 170
281 433 301
268 566 236
475 152 468
438 271 488
233 456 195
172 477 118
166 487 171
216 473 189
250 459 198
183 530 132
149 432 183
170 380 152
438 314 478
365 595 313
314 442 251
95 457 137
203 458 201
184 441 148
185 482 107
142 454 51
345 500 375
477 172 522
194 426 183
386 278 400
311 617 299
314 628 296
199 499 163
333 185 486
195 473 192
135 372 144
197 465 161
23 441 61
271 465 184
176 488 182
194 514 142
379 82 537
221 506 160
211 457 89
381 112 430
51 443 131
513 115 512
229 462 205
503 109 443
167 466 155
319 112 478
297 99 383
117 465 114
76 396 34
28 459 34
174 413 172
134 451 135
371 486 274
535 168 566
167 482 146
155 429 125
167 404 168
104 423 148
383 84 277
136 403 119
123 426 179
51 430 85
490 176 502
127 364 142
134 456 135
68 424 13
114 378 56
504 184 432
230 372 213
269 553 290
201 480 208
314 214 517
221 239 188
255 498 255
235 474 186
60 450 179
430 27 560
104 413 129
119 481 162
375 125 411
182 378 203
143 483 156
231 471 212
177 406 155
243 589 226
229 276 151
171 465 154
309 126 430
449 93 487
472 203 372
89 412 208
134 426 159
466 307 483
154 500 127
197 427 182
325 259 258
300 578 283
181 429 184
258 116 390
231 430 231
91 460 21
326 5 427
261 144 447
302 170 452
239 454 227
252 465 239
237 474 230
293 416 238
156 442 187
242 396 209
121 414 55
172 539 141
154 466 109
409 170 498
315 205 359
203 414 205
351 244 540
296 578 253
195 503 126
168 491 182
200 397 107
239 527 255
142 467 194
259 510 219
256 81 401
399 179 492
226 412 183
56 387 97
50 395 85
400 141 333
385 459 131
372 213 285
279 589 280
317 148 478
334 108 405
392 268 321
20 367 65
143 427 135
86 434 143
345 224 524
113 331 97
159 183 168
211 469 184
479 294 456
136 361 108
462 98 475
286 533 277
121 541 113
337 192 450
242 493 235
227 379 193
192 537 134
329 321 243
285 121 357
213 553 225
440 144 512
197 434 117
201 493 147
171 470 71
305 468 262
187 475 43
240 521 191
257 518 181
117 388 65
61 442 96
293 446 252
325 104 213
275 402 234
285 561 280
242 394 218
296 614 278
216 548 156
417 58 454
9 438 122
148 495 151
257 516 253
191 468 142
253 130 411
242 167 496
469 335 451
224 498 187
494 140 445
195 490 184
384 172 538
127 101 110
241 476 241
195 444 169
349 250 271
159 510 158
406 284 363
195 430 81
428 151 404
199 454 121
167 470 135
317 108 438
189 460 168
391 110 462
348 241 359
438 128 409
408 143 453
241 489 217
323 215 539
518 168 427
313 111 383
113 436 65
442 37 462
158 495 202
459 62 492
208 497 215
283 514 253
312 121 447
268 108 438
233 424 244
258 546 230
281 122 402
246 415 165
226 464 183
322 186 418
178 469 176
157 430 141
283 576 275
256 189 436
267 512 140
258 253 201
149 137 87
135 467 103
150 499 183
446 5 434
227 143 340
191 507 201
184 480 197
113 455 135
109 482 172
113 428 108
86 463 104
420 125 480
115 459 144
224 379 244
91 470 167
320 489 248
451 300 335
245 414 171
163 397 169
87 325 44
312 418 154
383 353 298
96 527 130
162 404 128
207 496 184
163 457 58
371 350 493
396 104 463
194 563 153
210 531 170
326 149 319
173 573 19
329 199 493
438 206 445
194 449 140
282 104 392
452 135 433
186 374 152
188 544 172
352 169 249
394 173 427
111 367 105
158 455 111
191 422 113
348 136 313
399 420 343
293 505 275
221 450 112
334 405 294
168 437 177
101 493 139
443 213 441
507 204 499
142 523 152
374 172 407
302 230 322
224 436 217
343 228 391
225 113 323
224 503 163
229 520 210
263 194 377
133 495 143
66 505 82
429 179 446
112 430 141
181 445 74
206 440 78
235 511 253
314 44 458
243 548 166
380 230 479
320 174 416
349 69 425
329 447 279
93 505 146
437 23 449
178 488 179
307 135 457
281 172 408
194 471 209
435 363 378
94 436 126
438 234 532
417 178 395
116 394 139
522 467 434
489 29 502
462 59 412
282 128 374
202 608 215
219 538 185
451 285 498
467 196 489
475 130 501
255 477 249
233 514 230
294 101 344
448 54 523
295 118 355
183 463 187
217 350 182
226 533 202
91 536 137
234 484 176
264 468 219
213 523 201
497 104 441
506 139 456
386 153 485
580 275 447
257 460 232
250 489 195
180 475 124
326 49 437
235 206 157
446 352 352
305 164 418
192 501 220
215 441 229
283 16 295
137 358 166
165 583 126
152 458 160
462 33 436
466 422 528
225 517 280
158 417 166
224 454 187
452 104 422
347 7 372
400 93 451
420 490 514
317 265 277
162 464 188
234 169 519
313 420 284
147 358 119
367 291 445
224 519 176
560 210 443
497 109 518
417 312 318
343 656 306
201 474 186
219 467 188
114 412 134
359 198 266
283 556 276
173 443 191
471 132 393
369 274 454
257 534 212
323 155 401
156 486 112
241 618 260
231 449 225
243 555 232
278 90 378
196 482 170
233 478 144
92 374 110
401 137 384
242 507 185
49 427 147
46 351 75
155 468 44
404 154 405
426 54 381
57 385 40
143 509 95
163 289 135
133 471 216
154 493 122
298 511 210
360 82 444
205 397 169
517 205 499
285 581 245
185 528 180
165 493 190
312 87 424
74 534 14
297 47 346
186 429 197
36 460 142
246 494 246
267 456 236
183 449 158
463 108 469
123 473 144
252 441 215
248 434 204
163 425 66
196 481 209
53 596 40
201 536 147
151 378 89
263 507 246
104 464 32
416 167 329
197 454 221
171 402 159
166 500 234
296 37 438
406 209 416
109 355 103
431 134 466
24 528 124
359 85 362
136 429 25
371 129 462
363 173 416
105 420 136
204 390 159
173 527 166
262 458 202
157 412 163
390 60 552
102 465 156
201 526 152
217 487 220
490 103 500
449 152 411
459 214 507
67 378 108
360 182 456
250 110 395
294 93 404
197 493 196
162 432 157
507 195 418
251 500 167
390 234 306
210 366 172
100 481 150
269 186 428
166 482 52
302 75 426
163 457 151
348 332 485
420 179 380
309 445 180
270 68 399
153 415 134
146 478 44
310 539 285
395 331 498
540 351 425
220 512 186
186 504 191
471 91 462
182 416 130
347 53 456
386 429 324
486 104 407
270 142 503
308 53 484
124 415 54
619 361 484
238 496 228
294 449 256
100 454 75
183 489 143
242 429 150
456 84 329
389 145 394
339 70 390
361 268 414
193 494 145
124 537 52
295 104 321
117 409 58
277 465 228
357 676 325
439 445 320
452 158 388
208 456 138
343 123 369
154 458 73
435 86 375
295 143 398
318 95 380
363 209 460
501 182 483
77 478 135
164 452 193
276 543 245
472 143 451
531 601 486
130 529 100
304 487 310
272 422 241
184 533 238
405 141 441
289 137 269
183 525 153
323 245 480
93 376 128
367 219 484
185 400 120
408 198 483
301 106 476
320 138 425
120 438 86
135 509 73
443 255 517
270 560 236
145 551 99
254 149 488
254 40 427
151 371 114
297 190 389
202 451 204
174 496 107
545 375 519
187 461 163
187 498 164
365 152 397
189 473 152
170 414 162
197 422 149
312 540 269
199 487 157
269 120 469
569 220 441
163 485 114
188 459 94
159 485 100
246 513 210
289 309 441
295 577 236
191 121 358
196 472 139
104 422 22
239 69 405
393 270 462
217 477 164
388 147 429
142 374 96
120 371 128
324 64 326
256 561 275
447 410 403
125 421 171
175 499 163
174 518 90
155 470 145
79 499 108
429 160 416
226 530 211
324 558 282
272 588 203
125 461 154
320 100 319
415 69 531
293 547 263
417 156 445
319 157 440
357 149 414
235 345 233
459 96 525
129 405 152
508 34 441
172 350 157
65 449 141
275 476 279
312 323 234
256 560 231
102 451 144
131 445 160
146 591 150
300 118 438
180 487 109
232 460 240
198 495 100
429 99 446
173 379 170
113 497 76
122 460 117
312 180 393
130 394 70
339 179 463
529 287 443
382 167 443
165 454 88
274 143 463
200 437 101
436 102 566
203 438 186
412 126 449
132 440 192
132 411 1
356 261 471
461 150 498
146 462 184
459 254 463
413 583 400
165 480 112
153 509 95
119 455 65
225 416 154
320 442 269
314 172 453
277 503 232
386 113 495
362 167 495
462 144 517
390 121 399
175 494 111
531 326 491
154 399 158
358 168 432
112 448 139
252 533 249
288 578 307
149 500 95
251 488 248
246 554 213
201 477 161
311 92 435
236 504 196
285 439 277
388 121 445
141 455 152
55 415 24
286 68 410
469 76 466
472 93 419
327 388 255
160 420 159
375 233 271
224 512 114
201 654 283
331 386 273
321 138 397
483 145 417
119 340 82
209 467 139
192 448 149
233 439 196
221 460 191
474 167 454
192 482 166
115 395 60
320 64 297
391 203 422
191 499 166
102 428 118
417 313 407
413 215 422
167 457 193
168 414 126
62 473 128
203 455 202
307 199 487
200 523 198
389 63 345
162 500 144
215 443 181
512 499 455
179 485 138
122 431 140
147 531 120
128 474 188
207 476 151
190 465 144
345 150 413
136 523 67
496 113 490
204 500 227
127 444 114
127 450 137
166 470 140
209 418 238
342 127 439
249 422 144
290 441 263
200 428 184
428 267 339
192 492 176
288 130 432
175 455 142
257 392 142
181 460 126
146 455 83
340 129 353
313 548 248
116 531 186
230 506 209
228 478 236
108 457 152
221 508 244
311 295 347
543 426 454
523 431 553
338 183 410
123 503 186
208 521 211
129 435 131
145 481 152
147 444 161
258 96 384
184 472 201
351 187 438
347 113 443
187 419 148
161 545 167
446 137 498
388 166 412
202 494 162
370 298 288
158 459 152
440 76 495
312 698 301
310 610 299
212 533 218
217 522 194
189 442 170
446 164 375
364 95 511
166 608 183
334 116 472
321 67 294
292 129 444
316 175 450
188 455 217
395 164 469
121 367 85
213 223 109
199 582 249
112 505 160
316 69 419
325 200 439
401 227 467
308 455 251
205 477 123
280 697 300
290 93 432
247 506 233
153 374 187
488 132 434
266 87 396
118 436 52
215 545 202
280 114 403
188 494 111
149 512 159
222 589 128
202 551 199
121 403 47
153 444 120
68 447 137
340 119 391
426 91 418
448 361 421
307 324 391
131 454 61
272 108 438
323 117 423
292 446 206
339 127 459
277 78 418
165 483 122
462 157 465
188 508 131
239 473 211
398 148 468
238 68 463
239 497 224
125 453 155
149 377 153
437 295 345
197 461 186
413 160 391
222 573 185
189 462 159
95 431 53
152 474 10
62 405 75
448 108 474
233 489 230
154 502 179
335 93 380
114 466 30
95 430 29
423 128 460
484 48 441
199 398 135
182 422 166
141 439 150
246 447 225
152 471 107
301 111 330
189 528 167
204 443 191
209 419 121
72 435 135
557 63 439
412 159 451
211 179 396
152 480 153
364 71 554
532 422 432
310 139 443
181 444 215
249 408 251
498 215 469
265 3 435
228 477 230
142 415 201
270 130 491
432 56 390
188 495 196
391 119 510
510 170 402
143 393 154
451 167 477
366 638 370
166 515 220
99 477 109
458 173 415
144 488 144
457 479 449
148 408 108
354 239 405
281 578 252
429 38 422
302 189 357
33 517 71
302 126 345
217 465 221
302 99 423
440 86 379
429 15 505
208 478 110
402 236 452
178 439 168
300 537 266
148 491 132
160 486 146
336 113 432
150 424 117
473 134 437
156 544 146
190 467 98
278 480 229
347 58 481
235 144 96
344 222 363
482 301 487
139 448 138
149 428 143
316 621 287
365 303 272
122 486 124
194 445 173
165 444 13
336 78 456
358 100 338
207 500 202
248 456 139
50 400 64
100 448 94
333 105 419
504 160 444
192 530 144
187 521 59
209 544 216
454 131 411
129 385 84
87 463 48
89 396 100
96 454 92
393 360 269
217 411 48
178 460 73
381 318 420
416 65 408
307 171 461
288 508 264
295 87 404
305 163 463
411 145 352
389 211 416
207 525 200
478 143 425
281 48 321
290 95 417
295 492 295
9 479 96
211 453 184
412 165 424
44 442 4
416 147 443
160 411 151
165 520 192
437 119 424
226 504 222
414 23 286
193 535 207
255 470 231
159 440 78
382 168 398
211 397 201
236 514 219
476 125 440
177 470 133
430 16 445
466 172 435
427 116 505
169 532 213
439 113 455
355 93 410
507 110 535
182 459 119
310 486 260
498 146 460
192 462 151
307 475 266
476 176 495
258 149 391
320 448 124
229 529 248
233 524 179
437 384 378
456 240 343
199 405 200
314 286 460
203 450 196
471 113 506
278 533 262
309 145 426
564 59 436
577 57 433
112 453 171
107 445 153
448 69 434
119 383 120
92 436 141
238 493 50
150 448 162
237 559 223
101 427 44
153 414 123
411 138 510
251 572 223
194 429 184
236 472 220
217 559 173
132 297 46
160 395 98
142 483 56
338 477 301
360 63 389
228 578 262
142 501 129
152 447 128
171 524 225
260 167 456
368 66 401
155 448 188
276 578 251
107 440 113
98 447 24
135 561 31
197 388 195
524 139 405
382 484 314
109 413 136
156 434 156
62 458 87
299 396 238
235 486 207
104 492 11
262 159 382
150 404 154
214 538 233
171 393 129
127 394 70
246 460 227
210 428 115
220 417 225
264 447 215
465 165 487
106 457 153
340 55 405
176 460 117
85 404 108
218 579 228
305 67 442
199 379 221
279 133 405
347 159 374
541 197 431
463 109 464
74 455 123
477 128 404
463 196 407
79 353 62
121 436 196
383 301 364
49 397 79
312 191 438
154 390 127
148 430 188
387 231 441
180 515 215
175 435 165
248 522 278
327 134 431
299 545 260
78 396 98
330 125 424
171 356 161
169 495 211
305 15 377
210 457 199
275 546 243
342 214 217
482 243 400
150 512 229
121 462 148
183 394 163
302 154 406
344 42 504
107 451 156
240 442 223
306 15 513
136 339 139
372 120 440
120 160 88
78 367 107
74 473 85
94 391 52
27 417 80
48 467 20
199 479 248
536 29 438
231 524 124
377 222 416
548 163 479
255 471 247
227 440 176
221 419 172
33 411 133
378 135 426
157 455 162
272 497 236
95 466 143
97 340 58
183 464 137
244 376 240
188 414 112
204 438 148
248 448 173
185 489 132
178 575 130
401 339 449
299 514 265
159 404 51
368 78 403
461 505 401
388 156 362
193 527 238
236 476 168
231 537 230
146 483 83
138 419 72
290 117 416
483 190 462
434 155 470
246 413 208
277 514 241
449 18 603
467 31 487
219 540 196
154 406 118
272 133 491
215 408 219
405 132 431
345 248 260
448 67 466
79 423 135
456 121 450
409 276 428
416 225 395
201 494 173
227 341 156
292 547 252
260 14 448
141 514 143
293 73 408
414 160 496
182 448 179
220 415 163
212 481 95
384 47 479
331 135 407
318 345 443
309 258 261
198 512 172
122 449 85
528 171 449
178 490 172
321 171 289
157 508 98
103 394 67
291 54 400
116 409 103
248 452 244
263 424 206
492 171 473
420 178 438
140 446 124
188 446 164
286 164 469
41 396 139
111 502 173
321 120 454
238 565 194
144 398 125
150 470 131
330 49 279
333 91 468
385 242 476
404 179 505
161 465 102
206 372 204
280 465 249
122 441 116
406 179 429
183 516 178
528 398 566
192 515 132
422 172 427
30 497 101
355 109 417
94 443 125
186 498 180
323 135 385
23 436 79
472 212 428
145 590 186
416 155 493
160 427 147
139 547 190
383 197 496
324 206 247
244 466 193
222 421 246
424 104 378
171 428 203
85 440 99
100 503 142
280 442 277
183 457 212
153 480 121
222 474 190
179 441 166
413 166 518
193 443 133
450 111 459
151 447 99
253 303 203
238 484 217
174 525 222
261 456 268
386 132 434
159 304 79
102 425 75
191 451 215
169 458 106
215 452 118
130 435 91
134 514 102
306 274 254
292 118 387
398 122 422
236 445 227
433 112 418
388 190 430
119 367 124
127 473 140
205 472 226
286 126 410
269 575 156
221 448 185
64 494 99
108 419 62
360 248 507
312 78 419
307 129 303
490 335 486
246 445 220
134 420 180
40 368 16
79 480 76
305 496 334
136 447 119
109 494 120
263 143 395
551 175 381
418 337 430
121 495 154
290 569 307
318 100 460
330 239 258
369 116 393
385 165 532
215 484 179
118 406 89
195 523 132
293 115 441
156 503 154
151 478 130
305 81 483
85 435 59
177 538 214
176 431 70
463 284 500
209 430 140
293 159 469
416 111 372
392 98 382
225 430 205
157 460 163
464 183 509
125 547 165
515 106 409
207 410 121
220 634 168
424 158 385
149 469 140
225 533 216
140 466 173
112 504 160
333 164 410
85 411 90
256 540 151
221 433 174
342 178 371
228 127 430
282 121 441
290 502 210
311 151 395
107 516 73
301 163 391
43 432 123
453 367 491
250 513 170
293 329 249
199 552 191
296 548 257
84 457 155
188 498 168
240 433 220
193 482 183
434 176 435
203 431 228
346 213 442
130 489 152
466 133 440
491 250 461
273 533 247
82 395 64
111 378 78
275 472 256
66 454 70
127 346 69
512 82 464
241 312 242
327 117 390
192 406 219
446 58 395
155 460 77
447 381 348
389 145 405
99 503 157
424 237 492
415 132 454
162 566 79
99 467 136
186 512 186
144 433 116
183 426 238
371 199 401
183 465 189
113 521 76
99 402 35
207 480 157
477 164 405
96 433 87
132 564 116
224 520 164
445 187 411
410 307 424
244 172 429
352 472 283
109 353 78
174 577 211
122 602 169
516 120 344
450 358 398
427 185 416
142 422 132
177 448 142
238 506 74
236 537 210
252 492 221
347 181 234
363 179 517
216 433 164
407 16 311
416 198 456
405 232 584
179 607 212
277 115 391
43 429 148
174 442 82
319 200 443
464 160 457
423 289 449
257 396 223
167 437 141
348 114 457
86 504 49
208 454 178
121 451 118
256 505 250
203 526 211
129 33 129
472 403 573
422 264 419
201 480 149
252 464 257
176 406 182
296 181 373
288 73 438
421 99 452
425 309 337
326 179 425
237 462 235
144 437 56
92 489 158
213 473 190
245 468 192
106 490 189
306 141 426
144 466 140
51 384 85
350 122 453
79 460 180
112 403 55
230 468 190
253 495 223
209 505 165
176 589 225
60 420 144
212 452 203
403 246 458
234 391 216
188 361 159
207 125 350
36 430 88
232 473 197
469 138 448
128 380 164
171 526 120
337 155 381
124 465 112
157 445 144
280 643 267
84 360 55
320 49 433
440 174 469
148 440 141
342 222 270
135 430 122
229 594 168
235 395 266
216 501 175
136 430 183
90 492 172
256 609 233
154 459 169
218 538 102
145 535 132
128 424 86
203 389 103
373 121 388
222 462 135
148 387 82
295 601 295
326 82 412
434 111 469
166 522 132
95 509 80
288 450 239
250 604 254
105 471 161
327 96 375
175 357 169
432 274 311
378 129 445
378 285 395
345 39 415
114 126 129
205 476 180
216 540 192
446 91 509
316 136 313
136 494 172
282 257 448
251 153 429
18 429 95
369 279 295
229 491 174
223 453 204
280 164 481
245 562 242
516 108 600
101 514 103
288 478 221
161 435 91
162 450 125
136 448 126
389 217 487
104 472 72
483 151 512
90 399 93
450 184 441
465 155 458
194 535 46
135 450 166
401 102 324
132 502 96
181 532 123
172 509 141
453 132 587
110 479 171
457 440 393
184 523 225
184 482 257
293 211 90
220 550 236
374 230 284
401 287 325
269 390 222
312 185 235
398 45 425
461 162 421
100 348 85
396 360 475
429 74 456
236 410 260
118 436 121
484 313 565
327 151 466
133 381 104
430 63 526
219 118 86
45 437 157
292 47 402
389 232 286
165 485 217
157 472 199
148 433 89
219 329 193
290 174 481
148 460 144
191 158 167
97 383 154
161 487 132
124 387 153
383 358 289
285 33 389
178 531 169
246 570 211
612 242 439
200 418 149
271 493 237
407 106 424
211 523 163
526 329 489
103 477 127
288 158 439
513 296 550
77 511 164
323 26 341
232 557 172
326 115 364
389 256 432
336 40 436
197 475 77
115 375 156
461 171 335
384 133 443
309 31 479
323 102 332
192 434 194
193 488 194
128 419 115
262 69 467
487 456 416
302 78 430
34 440 60
135 509 121
157 436 158
190 461 149
471 130 485
268 479 203
332 50 412
264 193 365
428 149 418
353 168 398
107 455 133
200 451 212
246 481 192
456 145 472
193 529 134
306 225 441
237 500 212
334 366 396
186 492 126
208 468 212
334 182 394
203 513 158
152 438 142
221 501 207
170 549 114
196 442 184
168 439 119
160 504 105
140 376 60
185 460 188
163 444 88
123 547 151
188 448 122
409 316 511
277 99 447
498 303 483
592 174 451
133 514 117
164 530 126
237 465 214
119 454 141
323 230 430
75 386 134
160 506 194
227 435 176
158 568 159
457 79 531
106 406 84
438 10 479
110 419 149
258 477 256
484 116 460
64 429 56
491 193 518
541 369 499
119 458 27
124 412 240
161 381 28
334 131 431
59 494 138
175 442 33
120 559 92
268 464 230
149 364 148
263 463 250
429 474 343
521 222 411
266 658 245
441 169 432
96 333 120
335 199 240
313 120 394
201 485 137
171 531 133
138 412 85
351 309 267
194 517 123
287 249 461
414 466 334
99 386 56
183 524 195
323 116 480
402 495 318
297 68 430
203 489 197
147 489 189
108 391 99
295 324 425
272 499 218
210 512 56
82 519 129
259 574 257
183 467 31
166 430 17
441 243 218
118 429 150
454 225 384
185 573 152
202 447 96
340 148 424
90 344 54
512 295 474
293 152 438
202 199 132
131 510 152
215 580 300
249 568 234
449 382 473
410 205 409
225 470 218
343 217 270
48 448 16
330 455 264
324 587 356
312 542 302
220 537 213
348 154 468
426 84 478
297 270 197
286 135 390
314 124 466
169 509 91
123 415 31
483 22 469
234 405 189
47 257 65
284 115 411
183 457 188
48 388 97
285 111 412
110 401 44
42 435 132
18 417 109
474 95 418
433 175 455
202 93 517
303 157 420
136 212 169
494 128 503
295 588 262
283 84 401
147 402 142
306 169 451
277 212 243
84 512 134
321 195 261
310 150 498
476 164 470
426 175 378
342 112 354
140 499 114
459 14 408
334 259 234
110 444 96
176 458 132
157 196 123
449 57 394
319 140 265
208 401 194
424 99 457
435 79 370
82 542 138
114 467 112
204 448 195
226 556 177
307 596 293
291 636 322
361 169 495
63 435 39
441 199 384
109 499 202
167 474 161
466 49 491
318 578 298
433 165 470
479 257 518
573 214 424
112 351 144
228 534 201
543 202 427
179 247 159
548 246 478
137 361 138
155 464 92
290 135 470
175 402 193
323 237 264
203 385 221
405 152 446
126 411 25
459 28 457
200 410 152
362 345 390
103 511 152
511 189 430
163 472 96
410 123 357
51 407 33
503 153 433
272 21 406
367 204 265
253 119 400
175 474 163
437 254 439
327 165 383
184 478 149
309 150 457
235 404 171
579 262 428
337 88 408
108 512 135
373 227 472
429 98 408
259 560 265
194 383 108
509 192 485
171 519 78
330 255 436
216 454 165
337 159 442
182 526 143
43 437 120
480 138 432
168 551 216
132 489 109
318 116 352
205 482 191
168 544 166
163 522 187
207 473 120
477 131 425
90 374 123
115 394 119
433 198 386
353 166 561
127 475 132
176 415 125
213 150 79
404 154 423
143 497 184
260 385 231
316 259 233
285 446 228
275 533 266
239 517 241
334 148 423
305 68 396
462 233 466
173 433 159
255 489 245
272 57 362
221 443 209
330 107 388
209 523 130
251 111 376
128 466 145
188 468 82
339 282 393
212 554 145
261 163 403
327 136 355
341 265 443
211 426 219
168 461 203
409 303 378
431 357 363
414 157 418
239 496 266
168 548 166
238 433 230
313 78 443
386 330 509
450 124 441
311 171 479
216 425 209
322 150 391
239 510 133
328 372 478
480 107 385
374 134 441
265 544 296
421 75 376
217 394 132
240 464 187
313 166 411
72 442 25
129 352 68
441 77 430
430 97 437
272 480 283
453 283 484
460 196 444
121 507 132
119 436 54
224 494 226
176 450 159
201 184 53
195 385 96
426 96 381
461 52 526
586 258 502
352 83 367
134 488 121
101 480 150
91 446 56
344 193 322
136 505 166
168 416 121
303 99 542
160 371 182
326 135 225
235 498 214
116 415 87
183 459 95
238 525 156
238 474 177
147 446 104
136 452 73
147 456 138
148 375 159
209 478 156
184 397 111
439 50 490
153 461 186
127 450 101
266 212 251
170 471 194
361 107 428
203 412 176
435 107 330
186 462 153
309 149 434
251 487 251
239 518 243
166 444 165
304 180 421
430 117 441
397 328 438
192 513 111
110 450 132
173 433 175
186 495 122
334 246 297
127 470 150
277 75 369
300 126 460
394 184 243
125 542 128
295 48 390
362 172 414
254 214 227
150 358 144
296 596 256
348 186 258
255 402 196
165 404 65
156 443 148
107 377 148
501 35 506
140 517 111
178 603 204
284 546 229
183 410 91
226 499 235
254 398 223
365 138 409
179 525 157
183 532 174
137 565 115
185 570 157
163 510 177
157 528 170
64 486 158
543 227 457
168 448 148
277 78 367
56 460 173
54 453 60
131 395 101
31 455 118
403 96 495
358 118 361
282 148 385
366 415 319
431 110 482
377 216 513
193 489 161
163 409 181
345 552 227
217 426 79
299 235 325
149 447 106
202 437 176
223 561 261
382 458 273
305 37 422
147 429 127
148 439 41
357 132 477
438 30 508
325 142 386
189 426 144
424 162 439
156 572 93
139 412 44
452 284 591
189 427 201
231 352 200
52 487 95
214 505 194
333 84 422
150 507 145
43 400 41
109 415 128
44 421 46
125 481 92
178 383 190
167 491 83
103 380 12
456 65 415
324 91 284
310 146 423
131 466 104
463 83 509
423 43 467
178 484 167
256 503 192
80 278 94
344 104 418
430 11 473
151 538 112
144 423 132
319 139 461
158 329 66
305 175 457
114 372 52
167 409 137
54 437 46
220 455 197
257 544 228
403 158 390
62 500 118
344 145 418
20 397 108
305 125 405
261 561 233
366 238 321
91 429 108
301 233 430
361 68 452
173 410 125
192 415 209
107 436 112
80 376 150
159 556 126
29 438 125
268 547 258
311 159 342
103 432 92
504 69 455
133 452 170
310 73 351
508 200 378
160 524 120
94 456 83
379 203 389
289 449 257
295 126 472
348 146 410
115 469 55
277 200 406
267 137 374
166 379 202
290 150 411
375 182 475
386 263 470
256 592 294
95 440 86
339 166 432
310 506 156
197 463 128
357 243 439
72 517 101
520 168 485
122 411 63
210 490 153
174 461 104
139 456 60
170 495 92
108 461 51
469 314 499
199 612 135
163 404 154
460 109 458
69 395 66
541 165 443
102 426 116
497 71 492
182 428 138
107 397 96
297 489 244
223 554 250
117 462 86
473 179 457
386 303 304
60 493 139
187 442 149
110 407 77
335 179 432
170 441 190
130 419 148
399 419 324
436 192 407
366 105 413
431 65 463
143 444 197
494 264 455
180 480 179
495 312 422
272 35 442
322 345 565
154 495 133
395 166 213
317 108 142
52 332 79
232 336 199
232 540 210
414 269 578
107 437 22
436 208 433
119 490 179
103 358 118
411 258 435
86 440 103
202 375 50
155 500 173
106 473 37
268 141 439
421 310 535
287 110 464
318 459 260
424 150 449
120 398 21
195 445 173
326 208 247
221 473 221
224 462 168
375 295 521
118 390 126
227 542 240
459 75 540
378 144 490
5 397 62
241 584 208
105 438 79
103 456 105
191 395 184
384 193 522
146 552 179
256 600 282
332 163 415
280 95 471
127 482 130
428 124 395
18 471 56
9 452 174
431 45 517
176 464 152
366 152 396
368 60 393
248 529 203
361 251 425
64 537 36
224 495 164
117 395 149
137 400 137
267 197 355
86 474 61
542 34 483
394 149 512
432 155 402
94 444 46
157 435 82
54 327 51
156 477 118
492 90 480
127 460 150
143 518 109
350 88 417
86 516 118
287 521 349
102 527 141
360 329 282
583 212 472
163 496 181
333 112 399
190 443 230
125 385 116
188 409 134
19 446 155
484 83 462
176 367 204
177 561 162
455 133 538
165 383 135
143 494 176
158 585 127
180 454 135
78 473 91
486 141 407
183 511 223
311 74 416
332 57 409
48 484 108
423 129 402
283 113 332
174 443 166
389 106 462
257 600 177
158 444 102
449 101 430
405 265 444
298 198 272
379 312 340
166 418 109
96 427 152
349 142 504
442 88 464
319 76 373
137 445 124
425 158 383
279 100 470
499 163 455
241 431 201
290 399 282
273 99 356
456 317 465
489 221 500
280 22 345
160 572 181
364 530 172
384 643 407
224 477 166
120 415 34
494 302 479
462 121 466
104 494 82
388 231 422
150 479 205
267 68 316
57 488 43
324 46 488
357 104 426
227 521 177
260 548 242
345 134 398
216 527 198
262 515 207
117 459 62
224 542 194
284 184 448
307 152 477
437 106 431
82 444 159
46 462 161
130 389 83
88 429 148
409 230 420
119 440 137
466 129 524
139 463 181
424 184 421
236 175 404
292 114 341
216 564 190
99 427 132
277 179 382
344 140 406
139 366 66
143 181 85
252 401 246
322 174 502
218 463 206
79 440 127
139 494 157
346 519 224
201 507 177
336 173 543
237 470 193
150 480 177
245 500 248
138 450 51
192 392 117
413 218 432
488 147 404
129 456 93
435 154 510
263 613 267
320 175 387
285 180 406
260 143 402
257 483 225
514 205 447
450 160 423
282 496 265
89 425 107
199 472 186
210 465 183
305 133 441
246 198 401
167 142 161
450 159 592
304 149 431
461 347 495
344 118 507
250 493 252
110 460 140
120 448 97
197 611 133
415 109 472
413 62 434
151 477 62
318 129 472
357 193 457
90 454 66
184 489 227
524 277 475
226 440 244
465 135 514
303 151 407
222 387 164
455 45 376
189 511 188
308 145 339
338 51 403
138 471 146
337 158 461
220 425 149
89 491 137
288 141 439
414 265 442
233 461 192
234 454 226
108 404 59
205 494 174
407 294 497
382 123 450
318 212 434
56 442 136
217 560 188
304 530 238
140 308 79
52 456 88
151 437 174
376 126 385
325 422 203
337 114 425
308 104 409
382 204 395
369 207 451
199 516 136
85 446 124
233 428 96
410 239 450
137 399 171
194 478 151
157 491 154
400 322 350
64 400 74
60 444 91
310 198 422
247 374 221
292 193 305
359 55 472
129 390 82
133 512 133
474 29 478
420 118 432
238 460 235
227 477 202
79 504 159
175 441 157
296 564 275
301 149 451
452 32 444
123 453 151
299 61 427
244 323 195
368 103 461
59 492 99
338 226 434
197 550 157
48 426 73
196 438 174
484 164 461
285 18 430
146 517 157
54 452 26
97 452 33
128 342 103
111 428 54
316 118 407
356 457 291
183 459 175
246 352 207
291 610 258
193 531 116
139 454 153
84 477 110
199 491 132
26 445 86
450 39 504
115 461 158
502 162 429
476 97 485
348 318 462
196 426 164
45 450 112
162 427 140
223 465 185
176 493 205
344 38 412
237 496 265
106 472 43
210 461 181
255 56 448
166 526 180
213 443 200
328 298 458
163 489 75
115 496 51
449 303 431
208 471 146
242 459 188
320 154 342
288 189 431
357 178 235
286 153 520
126 362 94
275 434 252
172 455 195
208 473 263
142 488 32
444 66 295
247 447 210
153 434 142
497 467 561
529 129 576
94 486 181
497 82 412
364 185 286
267 548 292
365 149 414
144 410 64
113 436 192
244 516 178
290 72 386
295 297 412
46 443 110
168 462 159
304 141 435
101 470 164
358 185 423
430 85 487
422 46 542
301 94 382
107 454 70
99 463 173
487 179 516
158 446 150
288 471 255
136 345 94
417 221 325
294 531 242
523 428 460
118 428 26
396 124 450
260 546 236
390 146 437
170 435 189
484 353 603
253 145 362
455 83 513
188 477 167
411 179 495
152 511 199
228 416 195
268 474 165
282 134 400
425 270 520
482 136 429
123 477 73
234 549 232
465 86 369
118 407 44
128 412 134
348 108 334
521 168 471
433 347 403
357 135 423
151 498 178
439 101 422
341 147 410
111 477 123
172 482 161
477 221 428
162 460 150
222 541 181
282 155 258
475 148 349
45 487 129
565 352 484
33 426 67
503 180 422
218 516 59
122 326 103
293 116 348
273 536 252
119 502 175
53 428 55
268 121 493
359 103 404
184 188 184
174 449 124
249 486 207
120 407 126
407 219 420
189 446 185
401 219 368
53 530 69
135 376 120
119 516 151
540 119 515
166 491 39
424 71 474
445 132 468
345 302 312
280 124 401
77 543 111
135 427 18
214 519 205
281 614 305
228 382 195
192 410 174
588 68 383
118 444 184
439 127 452
262 474 246
258 154 400
254 452 155
39 452 105
331 71 442
527 205 466
121 407 103
168 443 147
195 502 165
284 110 443
149 380 128
103 376 141
91 468 159
247 461 195
78 355 84
84 433 63
175 463 155
81 454 74
321 199 421
262 402 202
110 477 113
435 144 425
390 194 417
156 393 49
267 328 278
292 411 234
160 438 153
272 445 234
361 201 435
129 440 88
111 420 192
275 527 259
261 596 245
288 96 266
296 183 429
136 418 156
297 356 257
185 412 117
466 102 493
524 417 507
331 465 295
178 463 223
459 326 379
257 480 91
176 348 197
316 454 104
111 375 187
234 69 404
125 445 93
350 113 432
528 201 423
183 537 144
121 506 89
314 153 581
241 188 200
250 481 236
123 384 140
276 500 192
305 208 406
421 80 502
362 126 506
510 148 473
340 115 501
394 271 453
397 212 426
172 464 108
137 94 135
177 534 146
564 171 504
79 471 66
221 344 222
306 198 470
537 254 400
256 474 200
153 493 124
148 365 96
410 189 546
411 123 405
201 486 176
308 142 442
328 189 246
82 485 127
458 86 396
67 436 59
327 9 394
132 446 59
283 166 408
172 460 103
275 140 381
247 312 171
327 165 467
315 169 395
174 462 134
349 273 258
210 415 180
392 105 382
107 354 113
260 590 221
195 516 124
184 534 81
174 469 100
394 136 408
161 396 152
443 20 540
123 10 145
164 484 147
381 117 460
377 163 356
328 145 365
261 455 205
352 190 432
127 403 101
469 326 442
299 532 237
59 394 81
531 117 456
426 330 439
62 441 24
316 110 406
224 476 173
381 49 373
155 460 107
408 158 431
374 69 485
504 120 493
406 266 296
103 487 10
133 482 58
360 195 269
501 74 453
166 454 93
37 452 97
205 446 72
299 537 258
474 160 401
281 155 469
180 466 152
152 513 101
143 507 54
156 496 170
391 82 361
432 160 436
305 481 260
151 462 149
325 160 424
90 365 129
315 485 262
298 142 400
223 146 186
11 463 86
237 521 176
145 490 112
427 214 511
176 434 128
396 52 328
268 80 421
257 218 206
95 569 147
191 491 39
226 535 277
182 484 156
304 127 396
414 295 443
194 419 206
66 470 12
423 213 405
91 329 117
98 530 114
406 123 418
252 519 237
303 75 389
147 463 132
322 188 470
175 563 176
286 575 241
413 38 421
175 521 128
231 565 209
144 434 124
217 547 161
402 57 380
27 405 105
457 159 480
225 405 166
287 67 436
69 396 17
175 487 170
193 487 205
152 430 86
152 523 123
172 403 201
226 461 227
48 484 75
101 485 146
260 452 51
353 106 408
126 388 128
192 547 174
135 366 81
448 160 405
434 124 456
554 82 523
203 468 197
239 442 178
402 263 458
353 95 489
272 538 322
380 51 398
215 421 191
411 370 310
355 149 379
15 459 97
469 74 382
116 436 123
511 192 414
240 488 228
309 314 264
252 86 332
279 517 242
170 444 90
329 168 225
273 166 471
340 139 378
71 455 76
435 126 399
385 71 489
113 492 98
433 268 579
157 458 121
180 527 203
17 461 142
473 76 471
381 145 538
257 111 451
399 212 391
184 539 117
135 472 90
477 188 485
224 544 186
219 425 135
330 119 333
175 545 205
322 256 502
415 159 385
139 115 138
261 513 227
451 87 502
225 576 252
207 487 182
255 667 269
185 451 160
314 158 523
269 515 223
250 441 243
56 500 152
322 99 507
348 52 429
324 146 418
429 278 343
172 553 113
97 467 41
214 459 198
392 236 389
407 271 451
422 171 428
295 103 405
130 463 115
216 433 189
450 161 418
464 451 544
461 213 493
114 391 141
253 497 229
170 516 171
336 277 458
162 456 159
130 515 200
292 176 437
150 517 220
64 492 189
388 12 512
241 442 234
101 413 22
78 512 23
138 499 146
231 597 230
484 281 446
470 138 443
476 343 446
513 110 361
280 228 323
442 249 494
305 144 399
169 461 205
127 100 113
229 384 216
342 238 237
146 342 196
132 447 167
583 140 416
179 400 150
480 428 400
205 573 219
155 401 137
226 421 208
307 579 270
321 155 237
162 424 115
191 490 243
150 467 14
276 532 268
351 144 432
107 504 100
190 403 211
324 255 445
502 189 455
353 167 536
272 522 266
146 431 172
311 456 269
269 273 314
313 149 462
77 384 152
96 416 110
144 470 88
343 126 425
431 149 405
98 403 92
154 465 178
231 44 427
223 551 210
338 262 248
336 156 390
185 416 147
274 173 415
484 216 448
234 487 225
333 193 350
218 458 245
186 382 217
226 379 58
193 482 188
167 482 175
248 325 350
151 443 118
155 478 152
425 167 491
359 178 424
403 182 448
47 469 22
187 496 122
403 55 415
165 459 143
44 408 37
50 463 61
253 108 320
269 9 414
573 115 442
198 509 123
315 89 406
466 112 442
404 316 330
272 488 243
207 498 41
202 469 141
305 7 368
133 538 116
249 533 235
308 130 394
520 187 438
380 313 447
521 168 388
97 386 109
519 45 446
376 219 438
355 15 465
429 25 446
117 388 148
518 150 435
533 92 478
315 134 367
477 480 450
331 535 299
533 163 478
344 97 401
222 520 107
323 180 332
157 438 87
64 392 157
474 397 407
116 411 131
440 129 394
501 160 483
293 83 435
276 111 382
436 190 493
445 83 493
229 501 193
484 167 407
172 431 129
60 367 24
259 515 226
270 152 336
315 205 462
332 162 467
201 477 205
237 443 210
361 129 466
106 404 133
108 444 43
221 506 221
152 501 101
135 484 81
306 124 412
191 497 121
330 179 224
174 361 153
115 489 78
163 457 96
414 103 432
198 481 152
337 339 255
311 176 406
232 520 218
144 426 140
473 184 443
355 217 383
229 165 486
410 175 481
20 373 105
238 252 129
316 530 221
516 94 508
212 450 204
219 458 188
239 416 107
262 136 382
228 448 197
96 417 113
384 310 461
158 449 187
179 433 110
448 190 447
332 495 350
180 339 93
393 139 429
288 508 231
549 285 535
168 470 154
245 413 188
386 200 346
115 110 169
255 476 231
206 486 78
441 135 471
199 507 143
104 458 137
228 536 229
353 171 522
418 99 414
465 425 392
377 116 397
73 439 118
355 373 266
382 99 452
481 454 397
115 461 138
416 115 451
301 169 462
450 139 457
210 469 162
243 443 135
397 85 570
216 191 113
55 409 94
77 417 115
282 509 221
231 350 236
451 213 563
274 25 446
573 176 473
132 429 200
197 433 140
261 562 247
105 343 99
438 178 428
64 371 22
238 522 170
145 517 121
156 473 106
128 482 82
336 168 456
211 452 188
445 237 372
22 501 56
467 10 469
229 499 193
371 45 436
335 123 357
511 95 509
238 433 168
407 187 465
432 167 399
177 517 157
109 368 95
476 525 375
520 384 497
420 187 402
19 405 43
500 195 515
428 149 466
132 500 183
173 436 134
146 404 63
173 463 153
246 505 193
454 291 396
102 450 123
347 129 286
458 280 418
126 478 145
323 282 437
99 489 133
164 467 170
76 429 44
280 550 257
211 502 232
303 109 460
188 450 130
407 296 356
307 122 476
440 82 488
501 144 394
203 455 205
71 137 108
231 484 208
127 349 123
282 512 186
290 523 212
108 430 148
470 80 416
508 178 404
161 471 151
314 575 311
111 433 173
261 502 218
162 454 57
258 44 395
513 353 447
188 413 134
262 295 162
171 438 149
128 389 101
443 147 412
454 119 412
386 98 395
135 481 144
463 218 593
104 465 14
523 185 517
157 411 154
81 384 135
60 490 66
96 420 140
28 446 32
176 425 159
315 32 421
83 433 131
317 528 293
312 15 414
134 501 147
83 369 104
233 522 213
539 221 506
264 513 235
311 530 275
132 421 139
63 443 100
204 525 175
494 42 462
177 528 87
113 409 126
125 549 60
143 535 27
133 434 26
144 436 12
134 468 137
427 95 491
25 447 81
236 535 222
115 297 114
583 257 487
187 431 90
301 556 268
256 498 240
160 411 73
382 350 292
278 473 254
224 492 124
252 118 373
450 147 412
146 450 166
262 108 474
213 447 252
314 135 430
152 455 141
307 162 396
158 517 106
345 206 513
97 449 162
221 514 179
281 530 259
248 489 226
56 363 44
339 108 437
171 433 108
362 365 279
333 197 465
104 415 152
320 542 266
356 57 358
300 610 250
176 566 91
440 238 589
332 125 211
127 547 85
200 436 139
170 462 132
548 218 457
190 153 156
268 475 235
207 503 112
209 423 183
76 405 124
63 486 155
145 473 137
437 148 351
235 500 194
265 540 285
518 167 443
508 207 482
258 158 392
215 424 210
309 132 419
249 522 219
517 138 421
320 132 412
100 357 41
298 490 303
92 454 84
154 415 92
443 120 508
247 572 240
169 474 184
121 424 200
175 432 132
249 415 177
179 433 160
423 174 371
184 446 140
108 433 95
469 75 474
266 504 284
191 457 93
447 346 472
206 474 86
145 487 193
299 406 118
168 416 149
450 143 498
96 452 89
216 466 121
154 428 100
435 167 382
196 497 202
207 512 270
133 416 42
144 460 159
140 510 143
204 181 139
180 498 154
114 449 133
113 412 59
142 428 183
315 162 406
329 103 446
336 432 249
128 484 174
294 606 261
542 140 442
163 514 149
328 599 310
237 457 177
205 487 197
126 135 113
200 526 262
184 510 128
153 403 90
502 468 454
260 546 259
101 408 93
164 426 146
183 387 71
427 205 382
165 516 120
164 436 28
347 223 557
304 90 453
125 432 45
257 492 236
174 352 163
414 134 370
428 131 401
203 379 163
283 181 414
159 534 58
242 482 221
118 441 75
165 401 147
106 442 144
204 502 163
272 44 354
447 141 495
353 161 404
31 414 36
250 504 171
415 172 508
241 469 198
141 467 191
93 470 131
322 166 376
309 3 441
168 481 146
203 383 116
130 439 147
450 182 439
168 454 135
296 540 262
251 437 242
215 465 194
187 470 200
301 118 453
136 411 32
249 160 237
264 601 206
235 405 178
266 144 455
387 126 553
199 443 202
496 48 492
107 414 84
209 499 243
165 454 201
507 83 317
456 100 451
534 60 400
246 516 225
174 388 180
296 140 487
273 586 228
252 168 333
11 470 52
135 578 198
98 449 135
465 123 445
307 191 388
101 502 147
459 128 450
234 273 239
122 499 116
348 518 162
250 41 371
357 69 406
228 538 195
274 472 267
423 141 416
78 452 121
458 118 440
99 421 118
276 53 372
113 380 55
112 449 13
324 89 461
250 459 198
89 436 64
436 124 409
179 353 72
168 450 143
238 591 220
163 428 156
362 184 461
308 280 427
438 219 466
368 123 447
239 442 218
91 419 96
477 109 477
260 463 193
517 243 479
92 472 145
520 438 486
124 442 95
262 149 402
405 129 428
318 202 245
139 383 24
147 461 75
423 138 460
459 221 561
396 254 294
183 524 200
206 544 202
174 416 191
196 477 172
512 37 440
196 464 23
312 171 441
189 367 167
270 550 262
234 453 234
280 122 455
132 450 142
218 50 487
276 94 353
373 291 272
328 146 352
121 456 40
533 76 530
321 253 445
454 286 496
154 469 78
166 415 139
277 487 243
194 481 143
102 466 52
453 85 257
162 447 175
178 607 190
194 458 182
462 127 545
248 557 215
226 418 189
393 168 399
263 51 378
221 584 289
205 450 143
295 161 410
181 541 134
153 458 157
325 654 421
231 461 188
258 179 400
371 604 352
396 93 457
36 396 125
274 649 217
282 135 382
171 537 107
333 140 477
189 207 172
463 161 418
174 472 192
541 122 452
145 432 120
171 462 159
207 161 382
246 113 310
160 451 244
159 593 106
239 435 216
158 482 106
363 164 411
300 505 279
227 406 180
179 382 177
175 428 113
106 428 162
325 209 505
266 544 239
252 510 217
432 156 360
175 466 157
274 107 422
85 553 32
184 424 111
543 200 420
439 133 470
164 418 93
308 47 376
221 463 171
284 457 237
121 432 87
104 454 53
457 143 394
288 156 350
175 479 231
308 166 434
274 540 263
397 275 301
188 437 184
420 185 413
166 488 153
83 470 63
327 176 405
124 471 117
127 440 142
256 531 177
299 102 415
279 215 235
359 373 287
452 355 391
418 98 476
309 148 477
283 524 258
103 465 22
235 159 124
264 14 404
277 228 246
172 442 187
356 74 418
127 417 133
170 446 142
120 390 129
411 89 419
162 552 210
166 421 119
156 506 103
176 406 144
198 394 173
159 555 70
210 457 197
222 172 137
193 212 224
407 275 467
70 432 101
504 11 489
176 571 180
306 223 442
185 474 4
21 464 164
312 253 366
180 535 141
218 418 182
165 408 206
502 156 479
240 588 238
282 127 381
57 485 142
439 445 371
436 284 345
261 96 415
238 504 235
355 98 465
86 357 65
142 459 134
353 324 491
267 466 244
352 260 498
305 89 439
266 169 438
485 148 394
329 92 362
343 243 422
95 482 96
61 498 82
68 453 14
439 235 449
438 206 456
160 492 113
286 114 398
17 435 118
267 503 218
225 503 182
228 387 228
199 475 202
262 395 197
82 444 86
370 138 417
361 11 459
101 445 129
109 455 135
175 407 143
351 124 472
202 431 194
162 439 119
154 485 134
79 441 64
106 474 104
389 289 302
175 492 98
328 137 460
160 105 67
249 557 222
310 118 375
84 358 115
133 505 131
436 130 357
109 412 16
88 369 56
321 587 331
137 521 182
492 322 532
294 575 294
106 366 98
151 401 112
425 414 332
351 171 392
226 436 202
208 407 197
300 444 291
295 558 277
101 475 46
179 421 160
128 488 97
206 354 194
113 432 71
466 127 487
168 479 184
390 219 429
211 430 209
456 99 475
424 305 421
248 471 188
362 239 408
184 316 160
186 473 110
338 135 310
324 113 362
283 54 364
445 163 433
157 487 165
415 133 374
475 376 527
434 52 457
475 42 480
245 485 195
232 194 437
175 519 119
272 112 360
472 147 427
98 398 111
169 495 138
414 427 436
282 453 240
337 104 554
78 479 158
258 370 180
84 415 83
245 196 367
317 92 298
191 466 170
304 158 390
120 389 119
260 485 253
346 131 315
442 103 462
334 128 347
350 275 306
232 85 309
183 515 173
158 352 183
440 295 493
141 521 113
199 473 164
113 444 142
218 521 242
386 208 462
337 201 449
301 498 267
312 201 380
438 32 412
281 415 260
168 423 100
147 391 198
209 393 128
327 110 466
245 439 194
97 491 116
408 374 310
300 534 250
384 687 389
349 262 452
382 163 449
152 494 12
206 468 204
333 143 408
496 426 396
140 458 79
205 432 180
62 363 146
269 226 424
183 571 157
328 230 328
253 492 195
334 191 268
202 434 166
186 518 131
421 62 462
292 582 355
50 475 99
459 39 413
182 496 72
146 420 128
353 194 402
249 529 179
487 68 512
362 56 428
394 464 313
449 152 488
362 32 484
134 452 142
174 428 138
293 523 242
92 335 72
169 387 162
247 407 200
339 166 476
349 138 367
372 349 318
341 215 423
140 331 146
476 215 439
349 316 394
326 21 376
36 405 41
174 518 154
295 90 415
451 428 397
226 386 178
201 473 197
128 445 107
263 157 331
200 433 137
304 633 291
400 131 459
299 598 289
129 459 88
219 511 209
304 192 449
461 181 414
200 547 231
292 124 431
210 549 214
186 453 126
340 184 352
389 205 435
336 285 521
149 421 85
128 524 162
147 427 157
190 492 102
221 405 197
411 284 453
443 238 441
257 432 206
189 462 139
316 243 502
188 434 175
157 538 138
158 537 87
353 97 336
257 487 214
324 137 460
75 343 160
284 586 291
89 469 53
299 503 292
131 419 91
136 461 123
494 371 467
261 104 371
269 75 505
159 387 165
140 470 97
109 547 113
228 466 131
315 108 428
439 269 471
255 527 159
148 454 176
292 91 421
156 450 126
225 413 155
534 357 523
565 98 449
391 395 307
31 462 96
229 486 171
176 376 127
305 98 400
475 277 458
271 121 430
266 109 435
503 176 411
131 427 75
322 111 340
485 144 409
469 403 409
323 517 284
84 480 1
128 439 128
161 441 203
324 542 284
137 405 28
57 467 85
320 137 398
192 497 186
156 441 124
431 366 491
388 162 488
444 61 534
143 524 147
350 129 425
401 178 447
187 432 158
174 411 175
160 503 214
156 390 155
344 282 255
216 552 164
145 517 139
144 502 146
106 494 107
253 438 150
367 125 366
219 469 226
341 305 433
290 83 411
343 66 357
442 439 398
552 200 457
95 438 34
195 494 163
182 561 159
463 130 471
320 212 377
150 470 92
60 413 100
283 283 218
131 400 121
273 111 459
166 510 118
271 448 45
307 249 464
272 140 401
256 552 256
263 508 239
355 330 304
295 110 365
206 605 209
79 494 117
211 566 234
401 227 575
553 194 451
437 223 440
160 497 164
248 520 230
137 419 192
368 86 350
188 443 194
171 440 184
363 172 325
443 44 495
123 487 137
189 476 167
339 238 408
280 427 259
391 179 403
440 136 413
202 370 202
272 126 409
167 310 149
550 206 466
135 441 171
263 522 213
302 553 272
302 68 451
129 475 90
142 483 29
172 590 221
240 562 303
399 357 368
374 73 442
331 142 421
114 436 57
520 403 511
247 403 197
484 230 421
118 492 193
338 210 494
280 140 386
217 470 126
166 500 113
396 436 293
126 436 102
355 193 506
522 273 495
211 479 189
258 6 370
284 484 248
244 487 204
410 117 377
359 179 273
319 78 320
343 5 430
78 399 62
202 442 166
273 117 458
466 268 475
340 194 426
308 54 453
130 465 58
124 451 67
228 547 225
124 465 75
504 211 424
155 457 80
183 451 189
450 158 488
177 432 187
112 513 70
218 131 470
80 453 128
70 407 98
324 154 416
346 175 393
111 480 119
367 350 331
114 419 40
207 391 177
321 466 260
84 470 82
129 528 134
427 152 408
238 444 189
502 404 416
447 143 475
474 106 410
325 128 396
462 357 383
313 160 493
237 490 239
323 145 563
469 148 397
474 189 427
132 375 191
162 467 198
440 140 410
173 483 128
29 466 91
442 447 498
221 558 206
493 281 474
417 189 397
434 286 459
310 79 433
220 463 167
115 481 35
414 164 395
120 406 117
217 478 162
340 77 417
336 290 264
306 600 293
189 432 193
368 80 320
113 502 137
254 525 179
229 503 190
75 430 139
187 544 175
213 499 232
153 434 143
108 382 29
166 433 178
272 531 301
112 439 139
439 150 443
100 282 121
289 70 380
446 125 458
121 444 136
131 559 207
250 478 181
302 598 460
228 487 282
198 446 214
293 229 252
372 73 440
320 180 378
243 519 266
129 505 128
405 1 452
453 170 534
359 156 405
217 365 205
171 410 166
299 543 265
214 481 198
451 29 419
87 529 175
133 455 104
80 460 108
366 140 401
88 409 85
175 416 179
146 376 136
192 494 192
376 146 425
411 340 339
194 472 193
132 421 93
252 355 259
197 492 110
243 503 196
427 102 433
479 134 429
291 130 349
354 192 456
44 376 82
114 418 143
89 516 167
125 468 170
233 81 417
234 572 267
168 580 115
46 422 21
180 498 219
192 449 223
410 325 496
488 232 489
203 499 123
448 393 515
166 484 138
163 511 180
311 80 519
315 525 297
413 217 459
458 264 507
85 434 89
244 455 233
299 110 361
413 248 302
182 536 102
246 528 192
114 433 149
213 445 225
158 473 103
180 448 131
436 44 452
249 467 235
415 116 480
436 129 447
23 486 153
265 139 379
339 560 303
179 528 215
163 509 109
183 524 153
373 285 453
318 128 448
183 496 131
163 484 201
85 470 44
209 494 147
327 173 420
223 158 403
135 444 94
125 429 98
173 471 183
239 383 202
242 527 258
223 518 198
328 364 399
271 107 399
296 102 459
432 107 451
153 456 75
414 148 448
227 575 216
262 475 200
186 463 210
153 491 178
94 488 167
285 129 422
454 95 462
136 473 124
494 141 467
454 163 349
271 498 226
451 173 445
240 479 184
328 8 501
340 128 388
219 484 220
268 81 454
331 127 446
365 59 421
462 116 494
91 391 128
316 118 253
145 533 215
413 268 480
366 255 412
445 341 507
360 262 306
503 206 436
397 43 463
190 341 153
146 492 142
450 392 400
277 510 248
453 349 377
177 485 82
567 194 450
491 40 442
259 158 442
213 438 131
195 480 148
222 448 159
151 408 146
280 130 458
198 482 132
498 394 533
419 186 480
57 448 21
358 240 418
267 375 206
286 173 326
328 599 313
165 499 195
282 114 265
310 163 386
306 127 461
400 48 334
183 329 21
202 451 179
189 504 138
454 188 389
240 535 238
352 235 337
237 458 201
125 399 113
247 459 230
132 430 166
390 90 426
182 510 133
300 488 270
230 459 217
498 423 503
261 464 220
208 426 186
346 208 233
171 390 149
547 480 483
463 139 407
110 424 89
338 280 483
199 414 124
189 561 167
111 420 63
263 534 250
412 318 363
264 84 416
38 408 1
455 336 443
482 99 437
218 490 145
253 474 222
275 158 409
150 425 170
500 155 410
485 135 465
349 91 456
314 167 462
126 459 110
346 72 454
21 511 100
99 415 141
208 448 91
296 262 444
367 176 343
170 468 190
434 81 473
242 38 377
301 601 276
502 405 418
357 70 420
439 81 443
72 485 87
259 148 415
174 470 191
204 534 138
79 398 133
343 262 464
447 18 503
154 385 144
379 202 447
118 491 165
320 140 397
252 511 183
128 516 39
330 160 442
155 464 108
543 139 499
275 113 373
118 448 23
251 426 179
117 156 102
474 44 463
259 141 388
257 540 202
342 93 360
306 93 441
441 68 430
298 412 253
279 238 356
341 52 456
324 107 341
498 321 506
471 216 489
498 396 516
46 448 94
187 502 151
264 140 394
307 116 386
107 354 56
92 416 159
225 354 191
207 539 195
115 410 123
131 418 69
112 410 69
385 227 243
418 332 330
510 169 450
423 67 439
251 452 238
132 144 131
231 534 218
334 130 466
166 340 74
373 140 457
459 416 485
134 410 51
330 183 504
293 484 259
160 589 176
130 394 52
156 476 135
421 155 466
221 440 184
161 395 83
193 398 165
238 421 191
364 230 443
444 79 431
371 96 352
171 467 145
268 531 268
419 296 325
358 654 307
267 158 404
358 217 275
66 386 120
492 260 366
266 551 278
361 240 496
344 109 459
250 453 140
582 439 612
166 434 182
174 407 193
155 401 120
200 527 32
337 170 429
235 512 204
273 173 455
203 584 214
211 406 156
198 520 162
136 473 76
321 80 436
471 99 420
553 414 466
135 414 129
306 26 422
260 474 225
293 483 227
492 75 438
301 136 448
423 94 472
253 475 213
209 555 195
326 168 471
84 470 37
205 474 181
291 506 277
439 100 449
541 185 542
310 93 482
135 507 137
176 457 74
459 222 599
409 164 457
209 587 155
379 253 417
261 156 377
477 151 421
328 86 447
343 88 499
352 137 420
162 481 144
125 410 155
428 82 428
356 201 526
448 366 392
487 92 435
166 536 147
162 424 104
317 200 239
229 51 364
173 388 109
186 411 156
517 78 484
105 495 34
297 596 139
161 399 117
388 148 298
397 423 322
338 156 429
317 165 492
169 428 58
492 221 438
71 529 139
159 469 131
69 448 146
355 181 351
119 522 141
93 383 95
216 467 201
320 353 481
189 538 103
306 568 241
168 486 168
256 505 201
348 199 409
203 501 168
366 203 517
196 528 147
233 501 202
454 186 480
241 628 250
158 471 103
489 151 453
167 142 461
228 610 236
118 427 48
116 515 13
315 178 462
372 127 350
159 515 112
122 438 151
523 253 550
499 76 489
181 543 150
212 438 175
338 134 448
221 425 213
128 444 155
322 488 286
217 414 164
177 518 148
320 595 272
152 486 138
272 551 249
170 439 81
96 418 132
213 541 197
308 199 409
190 476 138
442 46 488
323 151 405
143 493 95
445 155 476
269 550 245
538 9 451
283 492 238
228 399 170
346 155 519
266 499 226
88 468 81
146 471 154
298 511 269
344 461 315
200 436 215
397 82 424
320 149 375
309 209 361
146 471 77
370 255 262
296 611 283
269 45 366
308 593 302
413 160 415
347 254 517
434 273 528
444 89 380
143 543 135
470 60 454
444 25 434
184 462 181
145 475 90
293 534 266
249 489 207
354 47 429
175 499 64
414 119 479
283 75 431
86 262 92
86 523 154
431 163 460
173 342 142
333 181 498
174 475 197
163 454 101
149 494 135
177 526 19
293 96 373
348 593 336
134 423 162
295 166 416
232 472 215
180 456 184
89 440 114
168 445 169
391 209 482
243 476 282
113 439 105
297 31 351
90 457 158
278 350 281
239 529 180
343 195 419
93 474 48
426 172 470
281 507 267
434 403 560
207 362 16
316 651 296
244 450 191
422 12 497
227 542 233
377 371 299
6 441 135
259 457 250
165 486 207
97 479 62
345 112 477
345 167 423
370 149 429
300 473 278
348 149 469
433 270 556
377 142 351
82 418 290
166 534 133
385 304 317
136 315 173
200 450 218
272 488 232
252 573 227
301 163 402
382 231 290
172 492 155
295 211 480
321 115 447
273 102 369
460 346 369
392 101 414
294 131 463
137 548 163
210 446 176
155 317 113
234 528 224
222 448 215
168 435 194
122 410 150
211 465 160
431 406 354
217 494 125
508 158 441
233 454 160
55 497 145
174 449 177
214 480 161
279 506 249
60 487 117
174 526 193
309 586 297
245 500 246
31 438 22
426 375 441
197 426 200
378 101 444
276 513 235
240 494 75
472 41 502
466 130 498
246 468 181
334 519 264
399 106 468
142 430 177
525 44 421
167 458 184
188 460 102
288 133 458
285 127 404
317 181 427
189 573 222
292 599 270
263 541 194
301 119 454
206 466 156
165 379 60
211 591 232
393 144 424
112 380 66
490 94 490
326 137 209
266 462 246
281 116 362
126 454 166
119 444 108
60 333 104
160 573 156
328 314 298
260 518 239
259 90 349
387 209 481
277 518 227
245 446 241
248 533 203
270 639 228
403 330 381
410 178 294
317 112 490
379 328 433
163 460 128
427 483 494
56 395 4
287 429 231
328 572 297
248 448 244
337 42 517
51 480 138
157 442 148
449 90 502
414 68 444
182 381 131
125 522 152
283 525 277
409 73 441
224 460 138
466 297 488
196 511 149
253 481 246
278 137 418
430 118 495
296 27 429
342 187 409
283 175 403
250 506 197
297 514 250
171 413 115
198 532 217
239 476 190
161 467 65
217 427 100
479 161 435
197 593 38
157 481 178
311 124 400
133 367 141
55 476 137
342 564 263
166 471 146
197 401 189
151 514 116
163 442 116
163 526 144
166 441 213
162 416 195
127 432 90
181 570 138
315 610 298
79 480 94
234 478 224
185 307 175
192 497 191
411 142 456
429 378 362
187 431 131
224 423 172
253 381 135
187 462 120
188 519 180
214 432 236
271 517 243
452 235 451
122 381 148
395 245 388
174 339 147
479 241 469
268 503 216
129 367 14
115 431 122
444 179 436
112 431 159
436 38 495
232 494 164
100 441 46
220 430 192
211 528 232
108 445 111
256 452 149
402 112 367
277 451 247
266 471 228
439 130 467
413 77 384
292 515 251
65 461 61
57 330 114
269 139 339
401 118 484
218 424 183
500 413 574
267 603 218
129 468 158
290 459 252
241 427 211
268 510 262
96 361 81
214 507 118
221 508 220
235 581 200
138 410 149
231 482 195
208 470 222
338 88 460
309 257 267
417 126 449
177 427 148
242 482 181
495 400 519
422 319 460
305 507 290
282 151 420
99 449 110
203 527 250
168 496 94
315 161 429
260 461 242
206 482 171
239 504 195
195 496 186
256 340 238
271 438 205
425 355 392
319 181 241
302 121 441
501 292 450
127 465 95
269 513 225
300 100 487
196 579 168
385 317 430
229 526 218
147 501 184
273 561 269
253 476 227
78 356 55
401 172 408
181 373 100
300 100 278
251 247 216
157 508 136
185 462 194
389 107 317
363 280 457
423 158 465
211 424 231
463 172 454
323 207 232
369 228 437
324 23 403
520 158 495
155 336 186
305 550 306
438 178 459
274 471 236
425 289 458
508 375 507
254 497 242
245 562 241
332 110 462
510 203 450
214 370 168
21 453 115
420 155 466
300 276 246
215 450 141
313 118 428
347 141 423
67 454 141
307 119 381
152 328 117
333 606 312
335 634 315
394 190 497
163 501 51
232 495 159
122 572 152
306 152 456
224 507 225
250 87 336
501 37 503
200 452 81
105 450 100
295 111 476
324 155 471
113 363 58
569 210 538
144 464 16
407 219 452
178 505 178
315 135 392
295 440 259
344 129 482
185 443 221
454 228 504
218 550 143
179 439 222
322 153 518
320 327 278
125 447 77
315 154 318
324 627 302
464 145 529
159 385 104
164 433 126
204 363 193
453 231 439
298 472 253
295 96 387
311 467 279
376 248 277
172 446 183
172 447 88
387 68 403
407 146 387
324 118 455
229 501 212
443 120 465
278 500 208
419 121 434
201 466 190
259 469 222
332 397 316
313 205 293
473 143 445
145 376 90
468 420 375
291 98 375
120 414 39
421 166 454
212 433 83
284 529 173
210 451 60
85 424 112
200 559 211
345 166 429
344 12 418
81 422 83
250 550 237
110 494 120
264 133 451
183 511 140
433 140 464
320 549 279
490 198 442
244 543 241
268 130 380
209 513 213
379 135 413
283 427 234
111 438 114
118 487 151
281 532 246
354 131 419
412 361 490
253 494 227
75 510 124
339 117 407
236 538 230
191 429 198
439 112 482
235 473 203
273 539 218
226 456 168
113 469 101
198 559 160
423 134 418
570 197 478
110 415 113
120 473 109
430 133 438
302 467 300
223 409 215
373 36 446
279 534 215
567 246 452
211 517 163
132 485 177
305 625 288
487 347 494
264 530 241
177 519 120
158 471 154
186 476 94
253 433 219
167 421 161
314 87 455
186 445 198
268 576 206
422 25 443
223 517 273
89 362 84
341 121 363
290 131 336
376 423 291
301 237 441
225 461 172
177 542 155
115 399 66
287 196 327
315 211 461
202 424 133
260 392 235
178 509 171
277 138 397
117 491 154
150 470 162
196 438 149
239 472 239
139 512 139
131 539 126
225 404 198
491 225 497
113 486 68
447 185 417
22 443 159
330 172 411
196 458 199
591 117 476
136 499 27
231 489 207
93 501 86
415 243 371
414 86 463
199 438 171
151 417 51
166 428 70
369 181 492
311 120 377
356 360 528
287 554 247
313 114 425
214 511 216
106 503 145
108 405 48
201 493 153
210 425 175
68 521 110
440 177 417
265 655 244
272 5 430
132 417 114
220 440 218
382 88 324
296 91 444
209 513 196
298 112 313
231 468 186
179 435 155
271 511 247
360 273 480
149 576 211
292 179 372
320 162 387
113 486 101
152 445 119
215 459 180
235 352 157
483 206 403
48 465 113
216 504 151
291 537 252
88 396 39
117 405 74
526 463 495
262 392 222
524 173 346
207 406 214
281 511 264
207 486 167
297 360 232
77 401 123
18 323 110
362 91 400
536 178 449
378 190 479
390 250 303
210 461 181
293 114 445
315 150 401
342 18 334
324 122 393
222 335 112
352 168 471
233 475 235
309 412 290
360 195 396
150 481 141
91 360 119
162 527 156
149 514 100
286 568 264
221 449 180
182 550 177
293 160 318
524 193 471
313 514 253
253 108 484
274 510 291
169 509 202
262 401 211
307 512 260
279 586 256
135 371 123
236 488 217
347 499 284
14 431 111
18 433 75
198 456 207
116 386 89
310 138 403
396 135 395
412 348 488
74 427 81
210 538 193
298 90 442
315 258 311
386 111 365
249 533 258
78 422 120
214 393 159
158 422 188
354 55 347
391 342 479
303 142 405
231 479 140
