0.3125
1.9062
1.5925
1.1189
2.4944
2.6686
0.9324
0.0151
2.0246
0.0590
0.3657
0.0104
2.8233
2.1222
1.4837
0.1170
0.3079
2.8233
1.9855
1.3896
0.2996
2.0924
0.0235
2.8971
2.9781
1.6831
0.5921
0.0386
1.0036
1.8353
0.0116
0.2631
0.0115
0.7511
0.1403
0.4832
0.7324
0.0605
0.7069
0.1259
0.6302
2.7481
0.0191
1.7097
0.0264
0.3708
1.8808
2.0461
1.8445
2.0431
0.7961
2.2010
0.0169
1.1504
1.2475
1.7037
2.0771
2.8306
0.0101
0.4979
0.0114
0.2615
0.0970
0.5179
1.3817
0.0907
2.7124
1.6125
1.2285
2.5899
0.0101
0.8416
2.3607
0.0252
0.0218
1.6569
2.1200
0.0485
0.5269
0.5063
1.9016
1.9515
0.1710
0.6471
0.6416
1.2017
0.6386
0.0283
0.7780
2.1611
2.1611
0.3215
0.6595
1.4399
1.5319
0.2010
1.6023
1.3207
0.7531
1.4947
0.4262
2.3940
0.5598
0.4566
1.3491
0.0285
1.3125
1.1128
0.4742
1.4826
0.5655
0.1939
0.3114
0.0125
2.5080
2.4122
2.5585
2.0512
1.6488
1.9393
1.9396
2.0861
2.5534
0.4779
0.6024
0.4407
0.8748
0.0116
1.0103
0.6940
1.3341
0.1432
0.6712
2.6568
0.6788
0.0279
0.0263
1.4350
1.9422
0.5776
1.5052
2.1371
2.7183
0.1348
0.5398
1.8530
1.5237
1.0076
1.0003
0.9960
1.0715
1.0715
0.5169
1.5269
1.0742
2.3975
0.3421
1.0717
1.0570
0.9233
0.0137
0.0583
2.7598
1.5120
2.3265
0.0255
0.6104
0.6291
0.8398
0.1278
0.1627
1.3669
1.5815
0.8734
0.0151
0.1128
0.2668
0.0145
0.2120
1.5438
0.0158
0.0324
0.0839
0.0534
2.0145
2.0213
1.5546
1.8180
1.5810
1.5197
2.6822
1.9221
0.4873
2.7307
0.0362
1.7286
1.8316
0.5352
1.0883
0.0152
0.0371
1.3750
1.9402
0.4285
0.4222
0.3817
2.3405
0.7879
0.7879
0.0706
2.8916
0.8987
0.3761
0.6782
0.3348
0.0224
0.7170
0.4351
0.3570
0.0697
0.5338
0.3596
0.4624
0.5841
0.0440
0.1300
1.2252
1.4468
1.9827
0.8390
1.0315
1.3183
2.3337
0.9723
0.7721
2.9448
2.9448
0.8710
0.8710
0.1331
0.5875
0.3755
0.0264
0.5944
2.3966
0.6783
0.2227
2.1427
0.7249
2.5828
0.1218
0.2158
0.6610
0.0119
2.2855
2.2628
0.4721
0.5588
0.6747
0.3471
0.4242
0.4242
1.4708
0.3382
0.1785
0.0382
1.7957
1.7080
1.8957
0.5065
2.6510
0.0228
2.1574
1.4825
0.0211
1.8782
0.0649
0.1664
1.0428
1.0024
2.6265
0.8060
0.8060
1.7477
0.0536
2.5857
0.5292
0.2040
0.5008
0.1016
0.4003
0.3385
0.2977
1.4097
0.0161
0.2832
0.6540
0.7529
1.9679
1.9235
1.7394
0.0390
0.5389
0.8707
0.9174
1.0983
0.9717
0.4997
2.4118
1.4973
1.0887
0.9592
1.7932
2.0901
0.0284
0.0971
0.7025
0.7025
0.0899
0.1632
2.8065
2.0599
0.0644
2.1193
0.1055
0.5198
0.0589
0.0166
0.0384
0.0169
1.7094
0.0306
0.7105
0.0177
0.2718
0.0393
0.2229
0.5599
2.0467
1.5086
2.1420
2.2108
2.0776
0.5700
0.8201
0.0688
0.1478
2.2675
1.7450
0.1919
0.5532
0.2529
0.0340
1.3000
0.7211
2.2544
0.7168
0.2039
0.0208
1.2481
1.1176
0.0377
0.0589
0.3522
1.6807
0.0847
0.1247
0.1858
0.1273
2.1378
2.2149
0.2301
0.3497
2.1962
2.2181
0.6439
0.2668
0.5066
0.0268
0.2007
0.7517
2.9774
2.9202
0.0381
1.1502
0.0390
0.1297
0.1473
0.1444
0.1705
0.1431
0.0475
0.0393
0.0951
0.0358
0.1293
0.2467
1.8082
1.0755
1.0749
0.8040
0.1095
2.7897
0.2210
0.1873
0.1845
0.0156
0.1008
0.0142
0.0201
0.7635
1.2855
1.5281
0.3189
2.3426
0.0159
0.0152
0.1112
2.6463
1.1784
0.7619
0.8321
0.8583
2.1832
1.8652
2.5605
2.5372
0.0778
0.1234
2.0839
0.2124
0.8901
0.7815
0.0534
0.2449
0.0509
0.6191
0.0426
0.0273
0.0178
0.2368
0.8533
0.8472
0.2759
0.7125
1.6324
0.0437
0.0805
0.1807
1.7864
2.3467
0.6574
0.6873
0.5216
2.1987
2.1710
0.8113
0.0249
0.4471
0.3522
0.8787
0.0197
0.6905
1.1751
0.0792
0.2038
0.3880
0.0473
1.5344
0.0132
0.5914
0.0320
0.3385
0.0216
2.7390
2.1058
0.0166
2.6262
2.5170
0.1228
0.8021
1.1579
2.2564
1.1171
1.7268
0.7151
0.5350
0.3063
2.7670
0.0239
0.0428
0.7800
0.4968
0.7445
0.6110
0.5346
0.6494
0.4452
0.1344
0.7255
1.4910
1.4910
2.0263
1.7456
2.2390
0.0570
1.3613
0.0121
0.3256
2.1330
1.3019
0.1754
0.0254
0.7284
0.0535
1.6925
0.0267
0.1591
0.4786
1.8940
0.9889
2.6368
0.0127
0.0481
1.0934
2.7871
1.6669
2.6231
2.6666
0.2723
0.0134
1.5901
1.0121
2.2557
2.3273
0.9425
0.2602
0.4657
1.7894
0.6001
2.4002
2.5280
2.3004
1.7364
1.8333
0.1190
1.3577
0.1374
0.4731
0.1008
1.8291
0.0660
0.7416
1.1297
2.1997
1.5979
0.3447
0.8672
0.0584
0.0743
2.2049
2.1871
1.8009
2.0941
1.2672
2.5545
1.6759
2.6816
0.8209
0.8778
0.0423
0.2749
0.5679
0.0126
1.1280
1.1136
0.9857
2.3770
0.0562
0.8588
0.1739
1.9197
0.4650
1.1029
0.0286
1.4148
0.0575
0.0520
2.6105
1.0025
0.0216
1.9600
1.8211
0.7945
0.5580
0.6885
1.0096
2.8741
0.4865
0.0312
0.0113
0.6053
0.5546
1.9391
0.6767
0.3464
2.0786
0.2574
0.1217
0.2179
0.0265
0.6184
1.8375
1.2121
1.2236
0.0610
2.3139
2.6158
2.9055
0.0176
0.4271
1.0306
0.1519
0.0425
0.0861
0.2233
1.7146
2.8139
1.3594
0.3113
0.6405
1.1481
1.4459
1.2728
0.8130
1.3245
0.4180
0.0587
0.7675
0.4068
0.0942
0.4798
0.5204
0.5204
0.5204
1.5914
0.1188
0.1188
0.6052
0.5447
1.1353
0.0134
0.0552
0.7673
0.5629
1.9526
2.3040
2.5217
2.7118
0.0651
1.2292
1.8302
1.0125
0.0566
0.0271
0.0191
0.0261
1.8765
1.5173
2.7246
0.0242
0.0288
2.7313
2.0355
2.1655
1.0645
1.0823
2.9159
0.3218
0.5124
0.0155
2.7410
0.0286
0.0103
0.7793
1.5223
1.8566
0.6499
0.4187
0.6111
0.1551
0.4821
0.0114
0.8298
0.0114
1.5596
1.0737
0.3795
0.0210
0.1883
0.3510
0.7710
0.6891
0.3978
0.3483
0.9203
0.0408
0.1172
0.5807
0.0206
0.4815
0.0113
1.7364
0.0193
0.0166
0.0184
1.0787
1.7770
1.8903
0.0309
0.5567
1.7373
2.2997
1.0717
2.1736
0.7383
0.0906
2.9493
1.9601
1.4228
0.0178
2.8907
0.0172
0.2277
0.3189
0.8072
1.0048
0.9863
0.0857
2.2929
1.5949
1.3207
0.5008
0.3689
2.8357
2.4265
1.6848
0.7976
0.0116
2.0971
2.2330
2.4390
2.8337
0.0103
0.0418
0.0229
0.1362
0.1486
1.2745
0.1492
1.4143
0.0275
2.6686
2.0538
0.4492
0.4581
0.8233
0.7284
1.1280
0.9250
0.0188
1.5949
0.0163
0.0787
0.0349
0.6255
0.6912
0.5599
2.1172
0.0629
1.1875
1.7727
0.0220
0.0116
0.8065
1.8779
0.6153
1.0963
0.0218
0.1559
0.2623
1.9325
0.0108
0.6414
0.0199
1.1123
2.3529
0.0292
0.0238
0.0237
0.4003
0.0107
1.5529
1.8032
0.0119
0.3510
0.3957
0.4873
0.4873
0.0164
0.9179
1.7664
2.4152
2.5993
0.0111
0.5284
0.0365
0.7798
0.8545
1.8228
1.9800
0.7400
1.8581
1.6669
1.8646
2.5165
0.0206
0.0421
0.8483
1.4121
2.4504
1.7167
0.4539
2.1937
0.0302
1.4478
0.0384
1.7507
1.4764
0.0437
1.6087
1.3827
2.6856
2.0839
2.4767
1.5979
2.3270
0.0717
0.1875
0.0137
0.8801
1.3594
1.1811
2.6557
2.0163
2.6023
0.7560
0.7382
0.9300
0.6601
1.7599
1.6858
0.0639
2.7621
0.0156
1.3345
1.9117
0.0207
2.8122
0.0384
0.0170
0.5125
1.7094
1.7041
1.6063
0.8565
2.7103
0.6101
1.3330
0.3105
2.0143
0.0105
1.9533
1.0892
1.7457
2.5247
2.3897
2.8897
1.3327
0.7122
0.0133
2.8359
0.0523
0.0263
0.0228
0.7524
1.2886
1.7675
2.1335
0.0136
0.0575
2.0016
0.0888
0.0918
1.5039
2.3454
1.7926
0.0353
0.0512
0.0247
1.7659
1.7165
2.2491
0.0300
0.0459
1.8903
2.5042
0.6532
1.4205
0.2739
0.6041
0.0273
2.2238
2.1485
1.0666
0.0190
0.1150
0.7387
0.0139
0.0199
0.0283
0.4640
0.7710
0.0412
0.6039
1.6117
2.5178
2.2110
1.1480
0.8330
0.8044
1.3397
2.0668
0.0989
1.7452
0.9800
0.1462
1.1504
0.4416
0.6302
0.0264
0.0777
0.6786
0.6872
0.1037
0.0367
0.0860
0.0268
1.9327
1.4662
2.7887
0.0696
2.4588
0.1597
0.6358
0.0213
0.8499
0.0313
2.1158
0.1704
1.9802
1.9495
0.0270
0.6507
0.0168
0.7151
0.0498
2.4366
2.0997
0.9716
2.1310
0.0144
1.8860
2.5596
0.0128
0.0132
0.0110
2.5182
1.8205
1.4752
0.1204
0.0129
0.0130
0.0151
0.6142
0.5154
0.0950
1.3198
0.0113
0.0141
0.0147
2.3367
2.2151
2.9212
0.0250
0.0103
0.0155
2.2490
1.6053
0.0183
0.2365
0.5664
2.8844
0.4946
0.0107
0.0146
1.5363
2.1569
0.0960
0.0183
0.0122
0.5867
1.7936
0.0415
0.6979
0.9980
0.2122
1.5680
2.5341
1.1287
2.1491
0.5097
1.7093
0.0146
0.0182
0.7757
0.0264
2.5520
2.9917
2.6568
1.8760
0.2009
2.6855
2.0995
2.9024
0.6458
0.0193
0.0162
0.8662
0.0737
1.7523
1.4935
0.2549
0.6606
1.7908
2.0330
0.0542
0.4504
0.7375
0.8224
0.2048
1.9821
0.0170
2.2214
2.3965
2.7288
2.0697
0.0389
0.3187
0.0572
0.0351
0.0338
2.9617
1.9666
1.7944
2.6201
0.4790
0.0249
2.2656
0.0273
0.0153
0.8679
0.8781
2.5601
0.0262
0.0149
0.4805
0.0528
0.0188
1.3869
0.0143
0.6101
0.8057
2.5773
0.8799
1.7940
0.9229
1.5364
2.8332
2.8332
0.6537
0.2491
0.0165
0.0141
0.0373
0.7962
1.3025
0.7185
2.0702
1.2044
2.8250
2.3324
1.3620
0.7048
0.0496
0.2700
0.7433
0.8455
0.8455
0.0402
1.0107
0.5825
0.0155
2.2980
1.5806
2.6311
0.0155
0.0816
0.8119
0.0618
1.5012
1.0428
0.3628
0.0202
0.0137
0.0125
0.1441
0.2593
1.6132
2.3836
2.1718
2.1718
0.0145
2.1620
0.0513
2.0197
0.0869
0.8469
2.4299
1.5733
0.0349
0.0245
0.4467
1.4348
1.7403
0.8239
0.0162
1.3180
1.5772
2.2359
0.8034
0.0980
0.0466
0.0329
1.8188
0.1890
0.5386
0.0841
1.3938
0.0880
0.5737
0.3193
0.0695
1.7818
1.9912
1.9661
2.5066
2.6364
0.0184
1.2864
2.9846
2.0198
1.4880
1.6848
2.8437
0.1185
0.0145
0.6850
1.8570
2.3533
1.1866
2.1890
1.3441
0.1038
2.1643
0.8883
2.5850
2.0166
0.0173
0.0158
0.0490
0.1984
1.8314
2.4896
2.3764
0.0587
1.7604
1.6302
0.6087
1.1572
1.7818
1.4792
1.6801
0.7963
0.8413
2.5790
0.0151
0.0148
2.1951
1.8436
0.0448
0.0890
0.0186
2.2724
2.9808
2.8868
0.5908
1.0164
0.9066
0.0630
0.0937
0.0400
1.0214
0.0255
1.9170
0.0210
2.0585
0.1235
1.9029
0.9876
0.9266
1.3480
0.9253
1.2681
0.1316
1.7396
2.0247
0.0475
0.0770
2.2881
2.0601
1.1194
1.7703
0.0413
0.0590
0.7495
0.0456
0.0381
0.0215
2.6807
2.1192
2.2093
0.0479
2.3367
1.2855
0.9742
0.0227
1.6697
2.6435
2.5971
2.4446
0.0128
0.1242
0.7172
1.9275
1.6237
0.0217
0.0635
2.9374
1.9830
0.0166
0.0283
2.7943
1.3411
2.6718
0.7424
1.6177
2.4455
0.1840
0.0445
2.9835
1.6459
0.0466
2.1008
0.0714
2.8324
1.5801
2.2007
1.9976
1.9976
1.9976
0.9428
1.5884
0.9331
0.0497
0.3896
2.2979
0.1845
2.6648
0.6709
2.6819
0.0500
1.5649
1.3403
0.0105
2.1143
2.7765
0.0227
2.1636
2.0219
0.0824
0.7287
0.7332
0.0798
1.9195
2.3854
1.9774
2.3314
2.9592
1.8660
0.2456
1.7592
1.7308
2.5068
2.2065
2.2744
1.5405
1.4843
0.0253
0.7298
2.0867
0.4572
2.4268
2.5973
2.4913
1.7634
2.9657
2.7331
1.7743
0.5804
1.9484
1.8884
0.7443
2.0371
2.3517
1.9759
0.0152
2.5987
2.7610
2.0114
1.8503
1.4845
1.8506
2.4689
1.8387
1.4544
1.3467
0.8785
2.1780
1.4585
0.5499
1.6944
0.7369
0.0149
0.8784
0.6623
0.1121
2.6531
1.3194
1.4280
1.3059
0.6537
1.4616
0.8405
0.4830
0.6064
1.4119
0.8944
1.4469
1.5291
1.5291
0.9157
2.3303
1.7434
1.7641
0.6030
2.0434
0.9355
2.2216
0.7618
0.5242
1.9264
2.6291
2.4063
2.6962
2.4381
1.3108
1.2876
0.8947
0.0179
2.3297
1.4808
1.0293
1.0244
1.9935
0.6799
1.6086
2.9794
0.7168
1.9698
0.7611
2.5634
2.2434
0.9816
1.7135
1.0395
2.6953
1.8067
1.7177
0.8035
2.6049
2.4502
2.3785
2.3678
2.8814
1.9195
1.4064
0.4610
0.7666
1.2659
1.3117
0.5661
1.7779
0.6179
2.8771
2.1726
2.8116
0.5206
0.8098
2.0643
0.5534
1.4901
1.1223
1.9480
1.5371
2.0782
2.2599
2.4838
0.7216
0.6449
0.7579
1.6384
2.5957
2.7257
2.8168
2.1587
0.7792
2.0597
1.6669
2.8987
2.2921
1.4857
1.6507
0.0387
0.6357
2.8035
0.5962
2.4739
0.8340
1.3876
1.5398
0.8059
2.3113
0.5911
0.9672
0.9136
0.5682
0.0131
1.9161
2.6980
0.7715
2.5964
2.4566
1.5833
1.0761
2.0271
2.3891
0.7438
2.3345
0.5633
1.8836
1.7610
1.9504
1.0489
2.2966
2.0834
2.8296
1.9004
1.7506
1.3848
1.2626
1.3898
0.5290
1.6237
2.7697
0.6432
1.7020
1.2470
0.8763
0.6379
1.2735
2.0262
2.0634
2.3786
1.6861
2.0976
0.9219
1.6373
1.7712
2.8593
1.8408
0.6237
2.3017
1.9184
0.8643
0.8297
2.7280
1.9451
2.5456
2.2874
1.1350
0.9749
0.0350
0.7608
0.6856
2.1523
0.6343
0.8990
2.5178
1.2673
1.0300
1.6403
1.6755
1.6755
1.4602
0.9988
0.1909
0.8016
0.7939
0.0519
0.9240
1.2082
0.7639
2.5744
1.1240
1.5313
2.4830
2.7431
2.0788
2.3586
0.5079
2.2831
1.9490
0.2522
2.4013
2.0685
1.4403
2.1289
1.4097
2.8007
2.7312
1.6657
0.3896
2.2979
2.2948
1.5496
0.0908
0.8026
1.8389
2.3256
0.4975
0.8745
0.9479
0.0365
1.5197
2.1708
2.0755
2.8402
2.8402
2.9126
2.6399
1.8368
1.9029
0.6739
0.1095
1.3687
1.1278
1.3378
1.1578
0.7169
1.9501
1.7038
2.2675
2.0993
2.3978
2.7841
2.2434
1.2201
0.8017
2.8551
1.6146
1.0746
1.1807
1.5733
1.8496
2.0094
2.4188
2.0301
1.7567
0.7530
1.4418
1.6885
1.6885
1.5216
1.9517
1.9544
0.2503
2.0739
0.5245
1.6384
0.4663
0.8082
1.8106
1.9895
1.6440
1.9782
0.1127
0.5000
1.3458
1.3029
1.8533
0.0136
0.9300
0.1887
1.3103
1.4061
2.7650
2.5931
1.7605
0.7732
1.8750
1.3457
1.4574
1.4855
0.2905
1.8331
0.6460
0.8437
2.7939
0.9449
1.4512
1.7496
1.9764
2.1339
0.4870
0.7555
2.8169
0.7235
2.0323
1.8843
0.0214
0.9756
2.1619
1.6566
1.6818
2.3239
1.5832
1.6117
1.3993
1.0427
2.0315
2.1287
0.5097
1.0048
1.5128
2.5950
0.7122
1.7700
1.7741
0.8996
2.2138
2.4282
2.3454
1.5800
2.4307
2.9558
1.8918
1.7402
1.7286
2.3521
0.9181
1.0535
1.9462
1.6078
2.2805
1.6520
1.1989
1.6598
1.3888
1.3279
0.2950
0.4066
1.9046
2.3981
2.3505
2.1339
0.3297
2.3367
2.1209
2.8474
0.7830
2.8192
1.0693
1.7642
1.3479
2.9253
1.4523
2.6800
2.0011
2.9776
2.1992
0.0245
1.6022
2.7886
2.6821
0.7739
2.6100
2.1500
2.0928
1.3009
1.7872
1.1169
0.5977
2.5159
1.5806
2.8281
0.4895
1.1988
0.4406
1.8241
1.9585
2.8510
1.7512
1.5285
0.8527
1.4702
0.6241
0.6106
0.7785
2.6444
1.1745
1.2641
1.2714
1.9067
0.3724
1.3846
0.9964
1.4162
1.3943
2.0468
1.7711
1.7865
0.6366
2.6892
0.0123
0.2262
0.2262
0.1966
0.1966
2.8212
1.7693
2.3768
2.3954
0.9779
1.9854
2.9033
2.9374
1.0872
2.1615
1.5062
0.7833
0.3106
2.3282
1.9858
1.6233
1.5431
2.9183
1.2838
2.9047
2.0828
1.8131
1.6844
2.0941
1.9100
1.8346
1.3213
2.2541
1.4727
0.7688
0.7688
2.1953
0.2955
0.8386
0.0897
0.6812
1.5253
1.4157
2.5441
2.3238
2.0914
1.3041
0.8390
2.4364
1.2367
1.9735
2.4872
2.2642
0.6458
1.9659
2.4463
1.9288
2.2638
1.7667
0.4530
0.0131
0.1067
1.6391
0.5785
1.9838
0.5467
1.3359
1.6149
0.6295
0.7375
1.8848
0.0285
0.0297
0.0368
0.0368
2.9202
2.8739
0.9970
2.1155
2.9181
2.4306
0.0527
0.0121
0.6220
2.0187
1.5560
1.2584
1.4287
1.2493
1.9184
1.8290
1.9061
2.2803
1.7557
2.1583
1.0987
0.7673
1.1196
2.0022
0.5398
0.1862
0.9703
1.7183
2.8697
0.9248
0.0396
2.1155
2.7268
2.0347
1.8603
0.8760
2.4192
2.7380
2.7380
1.7808
1.0012
1.3118
1.0171
1.5806
2.0286
2.6958
2.2253
2.1311
0.0214
2.3324
2.3369
2.4974
2.7860
2.9369
0.7162
0.6745
0.6564
2.3184
0.9848
1.3389
1.9993
0.5869
1.2394
0.7416
2.3702
2.0150
2.5837
1.4091
1.1938
1.9888
2.5987
2.0776
1.8872
2.7210
1.0467
1.1624
0.9814
0.0747
2.9681
2.4724
2.0580
2.2511
0.9207
1.5278
2.8061
2.7014
2.3506
0.8464
0.7897
2.9087
0.0487
0.0123
0.9999
0.4836
2.8097
2.6236
2.3101
1.6252
1.7166
0.9025
1.4730
2.2539
0.0161
0.1598
2.4274
2.4274
0.4010
0.6961
0.5338
0.4333
1.2080
1.7778
0.1737
1.0341
1.8769
2.6489
0.9792
2.2612
0.6768
0.3483
0.7760
2.3521
0.6766
0.3560
2.5578
0.7056
2.3301
2.2869
2.1397
2.9109
1.9598
1.9139
0.8640
2.0690
0.0407
0.5414
0.0113
1.0576
2.2994
1.2245
1.9235
1.8908
2.0945
2.1776
1.0612
2.9638
1.6994
1.4538
1.8219
0.5799
2.2974
0.0408
2.9864
2.0132
2.3059
2.9871
2.0114
2.0114
0.1627
1.9247
1.9612
0.8873
1.1008
1.1008
1.0115
1.0115
0.9878
0.7282
0.0853
1.1971
0.1542
0.7749
1.7285
1.0642
1.3251
2.3029
0.5784
1.6822
1.1460
1.4382
1.0644
0.0246
1.9881
2.2935
0.7434
0.0126
0.2033
0.2033
0.0392
0.2841
0.2841
2.4041
2.2674
2.7442
0.6539
1.9575
1.6169
1.9712
1.9712
2.7296
2.4873
0.9687
2.4972
1.4786
2.7115
0.8325
0.3731
0.9864
1.8213
2.5243
0.6323
0.1775
1.3964
0.0473
0.0515
0.0157
2.3603
2.5178
1.9405
0.0905
0.0141
2.6489
2.4657
2.4657
2.1760
0.4777
2.6438
0.0138
0.6713
0.7085
1.3613
2.5044
2.0850
0.6128
0.1122
0.0324
0.7239
0.3960
0.2834
0.2412
0.0327
1.0879
1.5957
2.4896
1.2588
1.3174
0.0570
2.8139
0.3396
2.4114
1.2091
2.4644
2.4364
0.1740
1.8618
2.2589
1.6935
2.2589
2.8240
2.0092
2.8240
1.7076
0.4075
2.2353
0.6640
0.0261
0.9187
1.5636
1.6215
1.9446
0.8787
1.5332
1.6462
1.9847
1.0116
1.6310
2.7313
2.2359
2.1655
0.4811
1.0843
2.6307
2.8511
2.8627
1.2116
0.3802
1.9864
1.0566
2.0506
1.6935
1.8233
1.6234
1.9433
0.4905
0.4556
0.3889
0.5855
1.4052
2.5404
0.0392
2.3820
1.4111
0.7829
0.5290
1.5198
2.5747
2.4491
2.0504
0.1465
2.5004
2.5002
2.4891
2.2601
2.1741
0.0210
0.0162
0.0416
2.0255
0.8378
2.3004
0.7290
0.7201
0.7463
0.7290
1.5317
0.5339
1.9038
0.1352
1.5950
1.9119
2.2275
2.4768
2.1147
2.4683
0.0364
0.0222
1.3279
1.6800
0.0260
1.8931
1.2477
0.7427
0.6439
1.5471
2.2270
2.1170
0.3939
0.0480
0.1011
1.8592
0.8492
2.9058
0.0415
0.6943
0.2856
1.5435
0.0261
0.7269
0.0173
0.6302
0.6803
2.1455
0.8551
0.3456
0.2598
1.7224
1.7110
1.9347
1.6089
1.8771
0.6036
2.3936
0.0933
0.3187
2.6727
1.6286
1.3054
2.2482
0.6850
2.0717
2.3640
0.0258
2.6615
1.9610
1.8020
1.7317
2.6524
2.3574
0.0401
0.8678
1.2291
0.9611
2.9705
0.3133
0.7187
2.4644
1.6676
1.5721
2.0761
2.1656
1.8297
2.1656
0.0117
2.2855
2.2855
0.2805
2.4078
1.8761
0.0257
0.0128
0.0963
0.0123
0.9013
1.7608
2.2744
0.0266
0.1387
1.2489
1.2489
0.7499
1.3731
2.1366
2.2146
2.4155
1.7709
0.2372
1.4810
2.1091
2.3584
2.0341
1.9438
0.0294
2.8057
2.1806
1.6993
2.1962
0.8591
0.6955
0.1633
0.7710
0.8418
0.0190
0.7715
1.9857
0.7715
1.9770
2.5118
1.0311
2.0463
1.6704
1.8087
1.6838
1.5516
1.7309
0.0411
0.0186
2.1501
0.0333
0.9272
0.8774
0.0680
2.6438
1.6023
0.7531
0.9789
0.5952
1.4072
0.7761
1.4608
0.7473
0.9942
2.3105
1.1216
0.0271
0.0893
0.7845
2.8400
2.0661
0.7812
2.0946
1.7565
1.9745
0.8610
1.6861
2.5557
1.6487
1.3704
1.0976
0.0433
1.3123
1.0814
0.2894
0.0546
1.8656
2.2077
1.5495
1.2398
0.8575
0.3419
2.5065
2.1374
0.2825
2.3549
0.8380
0.4961
1.5067
2.2805
0.6659
0.0500
0.8913
1.5038
0.9247
2.3345
1.8791
0.0391
0.0161
0.1030
2.6673
0.7309
0.7856
1.1297
2.2695
1.8000
2.4794
1.4034
0.1422
0.9467
1.0650
0.2817
0.8194
0.2965
1.3798
0.2437
2.7238
2.0756
2.9533
1.6342
0.3805
0.6173
2.7185
2.7913
2.3242
2.5554
0.0212
0.9038
2.6941
2.6202
2.4327
1.0265
1.6199
1.9310
1.1996
0.0194
0.5085
0.4739
0.2480
1.9387
0.8468
1.6818
1.1156
2.3321
1.3840
2.9943
0.0950
0.0562
2.3874
1.8943
2.2861
2.9366
1.9948
0.8537
0.0476
0.0593
0.8759
0.8668
0.0136
0.0690
0.0493
0.0678
0.0931
0.1114
0.1287
0.0492
0.1137
0.1089
2.3551
0.0265
0.0313
0.0313
0.9664
0.7560
1.7830
0.0709
0.1506
0.0371
0.7803
0.0126
0.2362
0.6433
0.6433
0.0365
0.1759
1.6090
0.2228
1.4863
1.7149
1.8081
0.1176
0.0878
0.0250
1.2685
0.7871
0.5975
2.3752
2.3752
2.0869
0.5160
0.0460
0.0971
0.7025
0.7026
0.9482
1.7045
0.3684
1.9034
1.1730
1.2020
1.9586
2.1517
2.7697
1.7321
2.4482
2.5924
1.0871
2.7388
1.7797
2.1936
2.5840
2.6258
2.2335
2.0646
2.5398
1.6265
1.6681
2.0997
2.0955
1.5811
1.2066
2.5815
0.9814
1.7222
0.0720
0.7522
2.5613
2.5641
2.1414
1.1335
1.1335
0.0389
1.9837
0.7436
0.0628
2.7719
1.8926
1.7808
2.2352
0.7314
1.7456
1.9559
0.8250
0.7751
0.9897
2.0281
2.7684
2.0777
2.5759
2.8994
2.0651
0.0183
0.0323
0.6873
0.7495
1.7427
1.6230
1.4408
1.5718
1.3379
1.6159
1.6713
2.1141
1.9807
1.8727
1.9908
1.3190
2.4892
1.0857
1.2602
2.3380
1.8914
1.0657
0.0864
2.7857
1.0938
0.7774
0.7534
0.0341
2.2612
1.7916
1.2430
2.8289
2.4155
1.8253
1.1936
1.3427
1.5149
1.5420
1.1687
2.3980
1.1790
0.3351
2.8086
1.6392
0.7824
0.7824
0.7824
1.5770
1.9519
1.2710
0.6543
1.3798
1.8446
2.1104
0.0165
1.5714
1.6665
1.6348
1.8664
2.7830
1.6938
1.6220
2.4714
0.1001
2.2467
0.0189
2.0054
2.1979
1.6868
0.9779
1.7023
2.9019
2.8660
0.4432
1.4016
0.7920
2.4165
0.7061
2.6528
0.6185
0.3570
