0.08
6.97
2.46
9.74
3.88
15.96
4.26
79.05
11.79
8.37
12.07
2.09
9.02
3.64
14.76
5.32
36.66
5.41
1.35
18.1
12.02
21.73
3.48
13.29
5.09
6.31
7.39
1.05
7.63
2.87
1.46
2.02
2.07
4.87
0.4
7.26
0.81
10.34
2.69
17.12
5.62
4.4
3.31
3.36
6.94
2.26
9.47
2.62
14.83
4.23
46.12
7.87
5.85
4.51
6.93
8.66
3.57
14.24
3.82
34.26
5.41
1.26
11.64
8.26
6.54
8.65
13.11
5.06
25.82
5.32
0.9
7.62
2.83
17.36
11.98
8.53
12.63
23.63
7.09
0.51
7.32
2.69
10.75
4.33
1.4
19.13
12.03
22.69
0.2
9.22
2.54
10.06
4.18
16.62
5.49
3.02
1.76
20.28
2.23
13.8
3.7
14.77
5.34
43.01
7.66
4.34
3.25
2.02
3.52
25.74
5.17
32.15
7.59
1.19
11.25
5.71
4.5
3.36
4.98
0.5
7.28
2.64
10.66
2.75
17.14
7.93
6.25
6.76