trt sample count
0 1 0
0 2 1
0 3 0
0 4 4
0 5 0
0 6 4
0 7 4
0 8 0
0 9 4
0 10 12
0 11 2
0 12 0
0 13 0
0 14 0
0 15 0
0 16 1
0 17 3
0 18 1
0 19 0
0 20 0
0 21 8
0 22 5
0 23 3
0 24 1
0 25 0
0 26 0
0 27 1
0 28 0
0 29 5
0 30 8
0 31 2
0 32 0
0 33 0
0 34 8
0 35 3
0 36 3
0 37 2
0 38 0
0 39 6
0 40 5
0 41 0
0 42 5
0 43 2
0 44 1
0 45 0
0 46 1
0 47 0
0 48 2
0 49 0
0 50 0
0 51 0
0 52 2
0 53 0
0 54 8
0 55 2
0 56 1
0 57 3
0 58 1
0 59 2
0 60 1
0 61 2
0 62 2
0 63 0
0 64 3
0 65 7
0 66 10
0 67 0
0 68 0
0 69 4
0 70 8
0 71 1
0 72 1
0 73 7
0 74 3
0 75 12
0 76 10
0 77 7
0 78 0
0 79 3
0 80 6
0 81 0
0 82 0
0 83 0
0 84 0
0 85 2
0 86 9
0 87 4
0 88 3
0 89 0
0 90 0
0 91 6
0 92 3
0 93 1
0 94 0
0 95 7
0 96 1
0 97 0
0 98 2
0 99 0
0 100 0
0 101 4
0 102 0
0 103 1
0 104 1
0 105 7
0 106 0
0 107 6
0 108 6
0 109 1
0 110 9
0 111 0
0 112 10
0 113 3
0 114 0
0 115 9
0 116 0
0 117 0
0 118 6
0 119 1
0 120 3
0 121 12
0 122 0
0 123 0
0 124 12
0 125 0
0 126 0
0 127 2
0 128 1
0 129 0
0 130 2
0 131 4
0 132 4
0 133 0
0 134 0
0 135 8
0 136 0
0 137 0
0 138 0
0 139 1
0 140 9
0 141 0
0 142 0
0 143 12
0 144 8
0 145 0
0 146 0
0 147 0
0 148 1
0 149 10
0 150 0
0 151 1
0 152 18
0 153 0
0 154 0
0 155 0
0 156 0
0 157 0
0 158 8
0 159 1
0 160 0
0 161 0
0 162 16
0 163 0
0 164 5
0 165 0
0 166 0
0 167 0
0 168 2
0 169 1
0 170 0
0 171 7
0 172 0
0 173 8
0 174 5
0 175 0
0 176 2
0 177 2
0 178 1
0 179 0
0 180 1
0 181 1
0 182 1
0 183 2
0 184 6
0 185 0
0 186 0
0 187 0
0 188 0
0 189 0
0 190 1
0 191 3
0 192 2
0 193 1
0 194 0
0 195 3
0 196 1
0 197 2
0 198 1
0 199 1
0 200 2
0 201 4
0 202 7
0 203 5
0 204 1
0 205 0
0 206 0
0 207 0
0 208 4
0 209 8
0 210 10
0 211 3
0 212 3
0 213 6
0 214 0
0 215 0
0 216 6
0 217 3
0 218 5
0 219 5
0 220 1
0 221 3
0 222 9
0 223 8
0 224 0
0 225 0
0 226 0
0 227 3
0 228 0
0 229 0
0 230 8
0 231 0
0 232 0
0 233 0
0 234 1
0 235 3
0 236 0
0 237 0
0 238 0
0 239 1
0 240 10
0 241 3
0 242 3
0 243 0
0 244 0
0 245 0
0 246 0
0 247 0
0 248 3
0 249 0
0 250 7
0 251 0
0 252 0
0 253 9
0 254 1
0 255 3
0 256 2
0 257 0
0 258 1
0 259 0
0 260 2
0 261 4
0 262 0
0 263 1
0 264 5
0 265 5
0 266 11
0 267 20
0 268 7
0 269 2
0 270 0
0 271 0
0 272 6
0 273 1
0 274 0
1 1 0
1 2 0
1 3 4
1 4 0
1 5 0
1 6 4
1 7 0
1 8 0
1 9 0
1 10 0
1 11 1
1 12 3
1 13 1
1 14 0
1 15 0
1 16 0
1 17 0
1 18 0
1 19 0
1 20 2
1 21 1
1 22 0
1 23 0
1 24 1
1 25 6
1 26 0
1 27 0
1 28 0
1 29 0
1 30 1
1 31 1
1 32 2
1 33 0
1 34 0
1 35 1
1 36 0
1 37 2
1 38 0
1 39 15
1 40 0
1 41 0
1 42 0
1 43 2
1 44 0
1 45 3
1 46 0
1 47 0
1 48 6
1 49 0
1 50 0
1 51 2
1 52 0
1 53 1
1 54 0
1 55 0
1 56 0
1 57 0
1 58 1
1 59 0
1 60 0
1 61 0
1 62 2
1 63 0
1 64 0
1 65 5
1 66 0
1 67 0
1 68 0
1 69 0
1 70 0
1 71 0
1 72 0
1 73 0
1 74 0
1 75 2
1 76 0
1 77 2
1 78 0
1 79 0
1 80 1
1 81 0
1 82 0
1 83 0
1 84 0
1 85 0
1 86 0
1 87 8
1 88 0
1 89 0
1 90 2
1 91 0
1 92 0
1 93 0
1 94 0
1 95 0
1 96 0
1 97 0
1 98 3
1 99 0
1 100 0
1 101 0
1 102 0
1 103 0
1 104 0
1 105 0
1 106 0
1 107 0
1 108 5
1 109 1
1 110 0
1 111 0
1 112 0
1 113 0
1 114 0
1 115 0
1 116 0
1 117 0
1 118 0
1 119 0
1 120 0
1 121 0
1 122 0
1 123 0
1 124 0
1 125 0
1 126 0
1 127 0
1 128 0
1 129 0
1 130 0
1 131 0
1 132 0
1 133 0
1 134 0
1 135 0
1 136 2
1 137 2
1 138 0
1 139 4
1 140 0
1 141 0
1 142 0
1 143 1
1 144 0
1 145 0
1 146 2
1 147 0
1 148 0
1 149 0
1 150 0
1 151 0
1 152 0
1 153 3
1 154 0
1 155 0
1 156 0
1 157 0
1 158 0
1 159 0
1 160 2
1 161 0
1 162 0
1 163 0
1 164 0
1 165 0
1 166 1
1 167 0
1 168 0
1 169 0
1 170 3
1 171 1
1 172 0
1 173 4
1 174 0
1 175 0
1 176 0
1 177 2
1 178 0
1 179 0
1 180 0
1 181 1
1 182 3
1 183 0
1 184 0
1 185 0
1 186 0
1 187 0
1 188 0
1 189 0
1 190 0
1 191 0
1 192 0
1 193 0
1 194 0
1 195 0
1 196 0
1 197 1
1 198 11
1 199 0
1 200 0
1 201 1